title,date,url,ingredients,steps
Receta de sardinas guisadas al microondas,2019-08-10 11:00:17+00:00,https://okdiario.com/recetas/receta-sardinas-guisadas-microondas-4459290/,12 sardinas. ½ kg de tomate natural triturado. 1 cucharada de pan rallado. 1 cucharada de queso rallado. 1 cebolla. 1 diente de ajo. 1 hoja de laurel. Perejil. Aceite de oliva. Sal,"Las sardinas son un tipo de pescado muy fácil de limpiar, nos las pueden dejar perfectas en la pescadería. Les quitaremos la espina y la cabeza, dejando solo los lomos. Queda bien de esta forma sin tener que preocuparnos de las espinas y, además, se cocinan muy rápidamente.. Las salpimentamos al gusto y las reservamos, mientras seguimos con el resto de los ingredientes. Pelamos y picamos muy finitos la cebolla y el ajo, la base de este sofrito para el guiso.. Ponemos en una fuente apta para microondas con tapa un buen chorrito de aceite. Colocamos la cebolla y el ajo con la hoja de laurel. Cocinamos esta base a máxima potencia en el microondas durante unos 3 minutos, hasta que estén tiernos estos dos ingredientes.. Añadimos a la cebolla y el ajo el tomate natural triturado. Lo podemos comprar ya enlatado o preparar en un momento si tenemos tomates frescos en la nevera. Salpimentamos al gusto y le ponemos media cucharada de azúcar.. Introducimos de nuevo en el microondas a máxima potencia 7 minutos. Retiramos el laurel y colocamos las sardinas en capas. En la base de la fuente unas pocas, encima la salsa y volvemos a poner más sardinas, coronamos con la salsa de tomate.. Por encima colocamos el pan rallado y el queso para darle un sabor especial. Añadimos perejil picado. Ponemos de nuevo en el microondas durante unos 3 minutos. Comprobamos que las sardinas están listas.. Este plato lo podemos servir en frío o en caliente, las sardinas estarán de lujo. Las podemos acompañar de una ensalada o unas patatas, tendremos listo un plato completo y delicioso ideal para toda la familia."
Receta de merluza con crema de pimientos,2019-08-10 10:00:37+00:00,https://okdiario.com/recetas/receta-merluza-crema-pimientos-4459210/,2 rodajas de merluza. Aceite de oliva. Sal. Ingredientes para la crema de pimientos:. 2 pimientos rojos. 1/2 cebolla. 1 dientes de ajo. Medio litro de caldo de verduras,Colocar aceite en una olla con profundidad.. Pelar y picar las cebollas en juliana.. Pelar y picar el diente de ajo. Rehogar la cebolla picada y el ajo en la olla con aceite. Colocar sal al gusto.. Lavar y picar los pimientos en trozos medianos. Eliminar las semillas y el tallo.. Añadir todos los pimientos picados dentro de la olla con la cebolla y el aceite. Dejar que se cocine durante 15 minutos.. Agregar ¼ de litro de agua a la olla y el caldo. Dejar que se cocine otros 15 minutos y dejar que se reduzca un poco. Poner a punto de sal.. Retirar de la olla y colocar en un recipiente. Triturar o licuar la crema de pimientos hasta que no queden trozos sólidos.. Colocar las merluzas en una bandeja de hornear. Dar un punto de sal.. Agregar aceite de oliva y un poco de la crema de pimientos.. Precalentar el horno a 180 grados centígrados.. Dejar hornear la merluza con la crema durante 15 minutos.
Receta de helado vegano de cúrcuma,2019-08-10 09:00:57+00:00,https://okdiario.com/recetas/receta-helado-vegano-curcuma-4459183/,1 lata de leche de coco. 500 ml de leche de arroz infusionada con cúrcuma. Coco rallado. 1 cucharada sopera de cúrcuma en polvo. 1 cucharadita de cardamomo en polvo. 1 cucharadita de jengibre en polvo. 1 plátano. Jengibre deshidratado para decorar (opcional). 3 cucharadas de miel,"Para preparar un buen helado vegano, en este caso de cúrcuma debemos prestar especial atención a cada uno de los ingredientes. Para darle la consistencia necesaria sin usar leche o nata usaremos dos ingredientes esenciales que tendremos preparados.. Ponemos la leche de coco al revés en el congelador o la nevera. De esta manera conseguiremos que se separen las grasas de la propia leche, podremos utilizarla de la mejor manera posible en este helado.. Con el plátano vamos a hacer una base saludable. Pelamos el plátano y lo cortamos en trocitos del mismo tamaño. Lo pondremos en el congelador un día antes para que tenga la consistencia adecuada y lo podamos utilizar como base.. Vamos a ponernos manos a la obra, la leche de coco se habrá separado. Cogemos la parte sólida, la ponemos en un bol y la otra parte su líquida en otro.. Ponemos la parte solida en el vaso de la batidora, añadimos el coco y la bebida de arroz infusionada con un poco de cúrcuma, batimos.. Le añadimos en ese momento el plátano congelado, las especias y volvemos a batir. Tendremos de esta manera un helado con mucho sabor. Llegados a este punto podemos endulzarlo con un poco de miel, si queremos disfrutar de ese toque un poco más intenso.. Repartimos el helado en recipientes y lo ponemos en el congelador. Lo serviremos con un poco de jengibre deshidratado por encima o coco rallado. Solo nos quedará probarlo y disfrutarlo, tendremos listo un helado vegano saludable impresionante."
Receta de Pastel de berenjena y calabacín,2019-08-10 08:00:01+00:00,https://okdiario.com/recetas/receta-pastel-berenjena-calabacin-4459185/,2 berenjenas. 2 calabacines. 2 tomates. 300 gr de queso mozzarella. 300 gr de jamón. 3 huevos. 250 ml de nata. Sal y pimienta. Aceite de oliva. Queso parmesano rallado,"Lavar y cortar los vegetales en rodajas finas.. Colocar la berenjena en un recipiente y cubrir con sal. Dejar reposar durante 20 minutos. Esto ayuda a eliminar el sabor amargo del vegetal.. Pasado ese tiempo, enjuagar bajo el grifo y secar con papel de cocina.. Calentar una sartén o plancha con un hilo de aceite.. Tostar las rodajas de calabacín y berenjena durante un minuto de ambos lados.. Mezclar la nata con los huevos. Salpimentar al gusto.. Precalentar el horno a temperatura moderada con calor arriba y abajo.. Engrasar ligeramente una fuente refractaria.. Montar el pastel, colocando capas de verduras con queso y jamón cortados en cuadrados pequeños.. Terminar con una capa de verduras, otra de queso y jamón. Por último, verter la mezcla de huevos y nata. Mover la fuente para que la mezcla cubra bien todos los ingredientes.. Espolvorear queso rallado.. Hornear durante 20 minutos o hasta que el pastel de berenjena y calabacín se vea gratinado.. Acompañar el plato con carnes a la plancha o arroz blanco."
Receta de Gelatina de natillas,2019-08-09 18:00:48+00:00,https://okdiario.com/recetas/receta-gelatina-natillas-4457905/,2 tazas de leche desnatada. Edulcorante al gusto. 1 cucharada sopera de esencia de vainilla. 1 sobre de gelatina sin sabor de 7 gr. 1 limón (ralladura de la piel). Fresas o frambuesas para decorar (opcional),"Poner la leche desnatada en una cacerola. Añadir la ralladura del limón y agregar la cucharada sopera de esencia de vainilla.. Calentar a fuego medio-alto hasta que llegue a punto de ebullición. Una vez que hierva, tapar y retirar la cacerola del fuego. Dejar enfriar.. Cuando la mezcla esté fría, agregar la cantidad de edulcorante deseada.. En un vaso, añadir agua bien fría hasta la mitad. Diluir el sobre de gelatina, remover y dejar reposar durante 3 minutos.. A continuación, colar la leche para retirar la piel del limón. Verter nuevamente la leche a la cacerola y dejar calentar a fuego medio hasta que comience a humear, sin que llegue a hervir.. Inmediatamente, agregar el contenido con gelatina, remover con ayuda de un batidor de varillas para mezclar muy bien los ingredientes. Retirar del fuego.. Distribuir la gelatina de natillas en varios cuencos. Refrigerar en la nevera durante 2 o 3 horas antes de servir.. Se pueden decorar las gelatinas de natillas colocándoles dos fresas o frambuesas por encima. (es opcional)."
Receta de Ensalada templada de ternera marinada,2019-08-09 16:00:35+00:00,https://okdiario.com/recetas/receta-ensalada-templada-ternera-marinada-4457163/,300 g de cebolla roja. 250 g de ternera en tiras. 300 g tomates. 2 lechugas romanas. Dos cucharadas de vinagre. Dos cucharadas de salsa de soja. 1 pepino. 2 dientes de ajo. 1 y media cucharada de Harina de trigo. Sal. Azúcar,"Pelar y picar la cebolla en dados pequeños. . Sofreír en sartén el ajo y la cebolla picada.. Colocar en un recipiente la carne y una cucharada y media de azúcar.. Añadir la harina de trigo a la carne dentro de una sartén.. Agregar el vinagre y la soja a la carne. Dejar marinar durante un rato.. Freír la mezcla y añadir la cebolla y el ajo. Cocinar la carne en el punto de nuestra preferencia, sin dejar que los líquidos hiervan por completo.. Lavar y servir la lechuga en el plato como base de la ensalada.. Picar los tomates en rodajas y colocar encima de la lechuga.. Picar en trozos la carne y mezclar con la lechuga y el tomate.. Corregir el vinagre y la sal."
Receta de batido de leche tropical,2019-08-09 15:00:59+00:00,https://okdiario.com/recetas/receta-batido-leche-tropical-4457009/,4 huevos. 1 limón. 1 naranja. 150 gr de azúcar. ½ l de leche. 200 gr de piña,"Vamos a preparar un batido de leche tropical ideal para una merienda llena de sabor o para darle un toque elegante a ese cóctel final de la noche que pondrá el broche de oro a una velada espectacular.. Ponemos la leche en un cuenco para introducirla al microondas. Podemos hacerlo en un cazo también, la calentamos.. Mientras la leche se calienta vamos a batir los huevos con el azúcar. Nos interesa que quede una salsa espumosa que haya doblado su tamaño. Estos huevos le darán la textura adecuada a nuestro batido y le aportarán una dosis extra de proteínas. Una combinación que con la piña es perfecta incluso como cena o comida de capricho rápida.. Tenemos los huevos y el azúcar batidos, por encima iremos poniendo la leche caliente. Sin dejar de remover nos interesa que vaya cogiendo consistencia. Debemos evitar que los huevos se cuajen, es muy importante hacer este paso poco a poco.. Preparamos la piña, la vamos a pelar y cortaremos en trocitos del mismo tamaño. Los ponemos directamente en la batidora. Haremos una crema con la piña, para que nos quede un batido mucho más delicado, colaremos esta crema.. Mezclamos la piña con los huevos el azúcar y la leche. Sin dejar de remover dejamos que todos los ingredientes se mezclen en esta leche tropical. Incorporamos el zumo del limón y la naranja.. Ponemos de nuevo en el microondas o en un cazo. En el microondas deberá estar unos 6 minutos. Pasado este tiempo la leche tropical tendrá una consistencia adecuada.. Le añadimos hielo o la ponemos directamente en el congelador. Servimos muy fría con un poco de coco rallado por encima o unos trocitos de piña. Tendremos listo un batido de los que impresionan de forma fácil y rápida."
"Receta de buñuelos de cebolla, pepinillos y anchoas",2019-08-09 13:00:08+00:00,https://okdiario.com/recetas/receta-bunuelos-cebolla-pepinillos-anchoas-4456514/,100 gr de cebolla. 3 pepinillos en vinagre. 4 filetes de anchoas. 2 huevos. ½ vaso de cerveza. 1 limón. 100 gr de harina. Alcaparras. Ajo. Perejil. Aceite,"Estos buñuelos de cebolla, pepinillos y anchoas se preparar muy fácilmente, solo necesitamos hacernos con los ingredientes adecuados. Buscaremos aquellas conservas de mejor calidad que nos permitan cocinar de forma fácil y rápida un bocado impresionante.. Pelamos una cebolla y la cortamos en trocitos muy pequeñitos, para que nos queden unos buñuelos más delicados, ponemos la cebolla en la picadora.. Le incorporamos a esta cebolla los pepinillos en vinagre. Este ingrediente es una de las conservas más saludables que existen. Podemos disfrutar de las propiedades del pepinillo de la mano de una conserva a base de vinagre impresionante.. Le ponemos una cucharada sopera de alcaparras, el punto avinagrado de esta conserva potenciará aún más el sabor de los pepinillos.. Seguimos con el ajo pelado y cortado muy finito, el zumo de limón y la harina tamizada. Encendemos la picadora y vamos haciendo como una pasta repleta de sabor.. Ponemos las anchoas y la cerveza. Mezclamos con el resto y finalmente los huevos. Tendremos una masa que podemos dejar reposar unos minutos para que quede más finita.. Podemos poner la masa en el congelador para que coja consistencia. Pasados unos minutos, preparamos un nuevo batido y un poco de harina o pan rallado.. Haremos unas bolitas con las manos que pasaremos por el huevo y la harina. Freímos estos buñuelos con abundante aceite.. Cuando los tenemos dorados los vamos escurriendo. Colocamos sobre papel absorbente para que eliminen el exceso de aceite.. Colocamos en una fuente y servimos con un limón cortado y un poquito de mayonesa. Tendremos lista la tapa más sencilla y rápida que existe. Solo nos quedará probarla."
Receta de Merluza con gulas al ajillo,2019-08-09 12:00:05+00:00,https://okdiario.com/recetas/receta-merluza-gulas-ajillo-4457093/,4 lomos de merluza. 4 dientes de ajo. 200 gr de gulas. 1 guindilla. 1 cucharadita de vinagre de manzana. Sal y pimienta. Perejil picado. Aceite de oliva,"Cortar los dientes de ajo en láminas finas y la guindilla en tiras.. Calentar una sartén con dos cucharadas de aceite.. Rehogar el ajo y la guindilla durante tres minutos. . Agregar el perejil picado y el vinagre.. Cuando el ajo se vea dorado incorporar las gulas.. Salpimentar al gusto. Cocinar todo junto durante uno o dos minutos. Reservar.. En la misma sartén, añadir dos cucharadas más de aceite.. Marcar los lomos de merluza previamente salpimentados, durante cinco minutos de cada lado. Poner a punto de sal.. Servir la merluza con gulas al ajillo por encima. Acompañar con una ensalada verde."
Receta de carpaccio de ternera con salsa,2019-08-09 11:00:00+00:00,https://okdiario.com/recetas/receta-carpaccio-ternera-salsa-4456319/,1 kg de lomo de ternera. 1 limón. 2 tazas de mayonesa. Alcaparras. Pepinillos en vinagre. Perejil. Pimienta. Aceite de oliva. Sal,"Esta carne de ternera tiene sus secretos empezando por el tipo de corte. En la misma carnicería debemos pedir que nos corten un lomo preparado para esta finalidad, debe ser lo más tierno posible y sin demasiada grasa.. Pondremos la pieza de carne en el congelador y esperaremos que coja la temperatura adecuada para poder cortarla. En esencia el carpaccio es un plato ideal si tenemos prisa. Podemos incluso pedirlo cortado en la misma carnicería de esta manera solo tendremos que descongelarlo a la hora de comer.. Es importante que tenga el punto de frío adecuado para poder cortar el carpaccio en la medida adecuado, tan fino como una loncha de embutido. Unos minutos antes de servir el carpaccio lo pondremos a macerar.. Mezclamos el zumo de limón con el aceite. Batimos todo muy bien y lo ponemos por encima para que vaya cogiendo ese sabor tan marcado.. Mientras tenemos la carne macerando vamos a preparar una salsa. Ponemos en un bol las dos tazas de mayonesa. Le añadimos un poco de perejil picado. Mezclamos con dos cucharadas de alcaparras y de pepinillos cortados muy finitos. Esta base será la encargada de darle el carpaccio un sabor increíble.. Cuando tenemos todos los ingredientes preparados nos ponemos manos a la obra con el emplatado. Pondremos los filetes de carpaccio después de su maceración, salpimentamos al gusto.. Colocamos un poco de salsa por encima y acompañamos de unos trocitos de pan con más salsa. De esta forma tan sencilla habremos creado un plato fácil, rápido y delicioso a base de una carne muy especial. Atrévete a probarlo, es una auténtica delicia."
Receta de Ensalada hawaiana de pasta,2019-08-09 10:00:16+00:00,https://okdiario.com/recetas/receta-ensalada-hawaiana-pasta-4456278/,½ kg de pasta corta corta. 500 gr de piña el almíbar. ½ cebolleta. 1 zanahoria de buen tamaño. 1 tallo de apio. 350 gr de jamón cocido. 2 cucharadas de vinagre de manzana,"En una cacerola, poner abundante agua con un poco de sal. Cocinar hasta llegar a punto de ebullición. Incorporar la pasta y dejar cocinar durante 10 minutos hasta que quede al dente.. Mientras tanto, pelar y rallar la zanahoria.. Pelar la cebolleta y picarla en trozos pequeños. . Lavar y quitarle las venas al apio. Cortarlo en trozos pequeños.. Cortar el jamón en trozos pequeños.. Cortar la piña en almíbar en trozos pequeños.. Retirar la pasta y escurrir.. En un bol, incorporar la pasta, las dos cucharadas de vinagre de manzana, la cebolleta y la zanahoria. Mezclar los ingredientes. Dejar reposar en la nevera, al menos, durante 10 minutos.. Retirar de la nevera y agregar al bol el apio, el jamón y la piña. Mezclar muy bien todos los ingredientes.. Preparar el aliño cremoso. En un recipiente, poner el zumo de medio limón y la nata líquida. Remover hasta que comience a espesar.. A continuación, añadir al recipiente la mayonesa, el azúcar, una pizca de sal y una pizca de pimenta. Mezclar bien hasta homogenizar el aliño cremoso. Se puede agregar una o dos cucharadas del almíbar de la piña.. Incorporar el aliño a la ensalada hawaiana de pasta. Mezclar y dejar reposar durante 3 horas. Sus resultados son mejores si se deja de un día para otro."
Receta de calabacines con plátano al curry,2019-08-09 09:00:40+00:00,https://okdiario.com/recetas/receta-calabacines-platano-curry-4456240/,4 plátanos. 4 calabacines. 8 cucharadas de curry en polvo. 8 cucharadas de crema fresca. 4 cebollas tiernas. 2 tazas de arroz. Sal. Pimienta. 12 cucharadas de agua. 4 cucharadas de zumo de limón. 8 cucharadas de azúcar,"Acompañaremos estos deliciosos calabacines con plátano al curry con un increíble plato de arroz blanco. Ponemos las dos tazas de arroz con el doble de agua y un poco de sal y aceite. Vamos a crear la base ideal de una receta de inspiración oriental. Este arroz tardará unos 20 minutos en estar listo.. Mientras cocinamos el arroz vamos a ponernos manos a la obra mezclando 3 cucharadas de agua, zumo de limón, azúcar, curry con sal y pimienta al gusto. Vamos a hacer una salsa suave que no permitirá darle mucho sabor a este plato.. Seguimos con las cebollas, las vamos a pelar y cortar en trocitos lo más pequeños posibles para que se mezclen perfectamente con el resto de los ingredientes.. Repetiremos la operación con los plátanos, vamos a pelarlos y cortaremos en rodajas del mismo tamaño para convertirlos en uno de los protagonistas del plato. Cortaremos en rodajas similares los calabacines después de lavarlos bien.. En una sartén ponemos un poquito de aceite y le añadimos las cebollas. Vamos a pocharlas unos minutos hasta que estén tiernas.. Cuando tengan la textura adecuada pondremos el plátano y el calabacín. Los sofreiremos con todo el sabor de estos ingredientes durante unos 7 minutos. El calabacín habrá soltado toda el agua y se habrá fusionado con el plátano.. En ese momento ponemos la mezcla de curri i dejamos que se cocine a fuego lento unos 3 minutos más. Serviremos con el arroz blanco y este curry por encima. El resultado de esta receta es un plato vegetariano y saludable realmente maravilloso."
Receta de salsa mantequilla café de París,2019-08-09 08:00:05+00:00,https://okdiario.com/recetas/receta-salsa-mantequilla-cafe-paris-4456254/,½ k de mantequilla a temperatura ambiente. 1 cucharada de salsa kétchup. ½ cucharada de mostaza. 1 cucharadita de alcaparras bebés. 3 chalotas picadas finamente. 3 cucharadas de perejil picado finamente. ½ cucharadita de orégano. ½ cucharadita de eneldo. ½ cucharadita de tomillo. ½ cucharadita de estragón seco. ½ cucharadita de romero. ½ cucharadita de ajo en polvo. ½ cucharadita de pimiento dulce. ¼ cucharadita de curry en polvo. ¼ cucharadita de pimienta blanca. Una pizca de pimienta negra molida. 2 anchoas molidas. ½ cucharada de brandy. ½ cucharada de Jerez Seco. ½ cucharadita de salsa inglesa. 1 cucharadita de zumo de limón. ¼ cucharadita de ralladura de piel de naranja. Una pizca de sal,"Pelar y picar las chalotas en trozos muy pequeños. . En un recipiente, incorporar la chalota, las anchoas y el resto de todos los ingredientes, tal cual como lo indica la lista. El único ingrediente que no se incluye es la mantequilla. Remover bien con la ayuda de una paleta de madera y dejar macerar durante 24 horas, a temperatura ambiente.. Pasado el tiempo, colocar todos los ingredientes en un procesador de alimentos. Triturar y mezclar hasta quedar una pasta homogénea.. En una batidora, batir la mantequilla que debe estar a temperatura ambiente. Luego incorporar poco a poco la pasta del resto de los ingredientes hasta integrarlo muy bien con la mantequilla y quede una pasta homogénea.. La mantequilla café de París puede congelarse en porciones, envuelta en papel film o en envases herméticos. Una vez fría y dura, se puede utilizar perfectamente.. En una cacerola, derretir, a fuego medio, tres cucharadas de mantequilla. Agregar la harina y rehogar durante 2 minutos, removiendo constantemente.. Añadir poco a poco la leche líquida a la cacerola, removiendo constantemente con una varilla. Agregar un poco de sal y pimienta. Debe lograrse la consistencia de una bechamel ligera. Dejar hervir durante 2-3 minutos y retirar.. Después incorporar a la cacerola, ya retirada del fuego, la mantequilla Café de París. Remover hasta que se derrita y se mezcle muy bien con la bechamel.. Servir la salsa París para acompañar carnes de la clase deseada."
Receta de Tortilla de espaguetis,2019-08-08 18:00:37+00:00,https://okdiario.com/recetas/receta-tortilla-espaguetis-4454055/,250 g de espaguetis. 6 huevos. Parmesano rallado al momento. Perejil fresco. Sal fina y sal gorda. Pimienta. 50 g de scamorza ahumada. 50 g de salchichón. Aceite de oliva,"Cascar los huevos en un bol.. Lavar y secar el perejil. Picar en trozos finos.. Batir y salpimentar los huevos. Añadir a la mezcla el perejil picado.. Añadir el queso parmesano rallado.. Cocinar los espaguetis en una olla con agua hirviendo. Colar cuando la pasta esté al dente.. Pasar por agua fría los espaguetis para enfriarlos un poco. Este paso es necesario para poder mezclar los espaguetis con los huevos batidos.. Añadir los espaguetis en el bol con los huevos batidos.. Agregar dos cucharadas de aceite a la sartén. Como la mezcla es grande, el mismo debe ser de orilla alta y con cierta profundidad.. Quitar la corteza del queso y el salchichón de ser necesario. Cortar trozos pequeños de medio centímetro.. Añadir los trozos de queso y salchichón a la sartén con los huevos y los espaguetis. Poner el conjunto a punto de sal. Cocinar a fuego lento.. Voltear la tortilla para que se cocine por su parte superior."
Receta de Tarta salada de cumpleaños,2019-08-08 16:00:42+00:00,https://okdiario.com/recetas/receta-tarta-salada-cumpleanos-4453934/,Pan de molde sin corteza (molde 10×20). 6 lonchas de jamón serrano. 3 cucharadas grandes de queso Philadelphia. 3 cucharadas grandes de paté de aceitunas. 2 tomates. 4 cucharadas colmadas de salsa de tomates casera. Film transparente,"Mezclar en un bol la salsa de tomate con el queso Philadelphia.. Estirar film transparente en la mesa. Colocar tres tapas de pan de molde.. Untar en la tapa superior de los panes la mezcla de queso Philadelphia con la salsa de tomate.. Cortar el film en tres partes iguales que correspondan a cada pan de molde. Enrollar cada pan con la ayuda del film transparente. Cerrar este plástico por las puntas.. Estirar film transparente en la mesa. Colocar tres panes más sobre el papel plástico.. Untar el pate de aceituna en la cara superior de los panes.. Cortar film como se hizo anteriormente. Enrollar los panes y cerrar el plástico por las puntas.. Reservar los 6 rollos de pan en la nevera.. Picar los tomates en dados y echar un poco de sal, pimienta y aceite.. Quitar el film transparente de los panes enrollados que habían sido reservados en la nevera. El objetivo es hacerlo con cuidado para que los panes no pierdan forma.. Picar los rollos de pan en pedazos del mismo grosor.. Colocar los rollos picados en un molde para tartas. Intercalar un rollo de pan con la crema de queso y tomate y otro con paté de aceituna.. Untar un poco de queso Philadelphia sobre la primera capa. Añadir encima un poco de tomate picado.. Colocar dos rebanadas de pan de molde encima de los tomates para sellar la primera capa de la tarta.. Agregar el resto de la crema echa con el queso Philadelphia y la salsa de tomate.. Añadir el jamón serrano.. Colocar en la parte exterior de la tarta los rollos de pan que quedan.. Agregar los dados de tomate restantes y dos panes más para sellar.. Sellar con film transparente y colocar algo pesado para compactar. Esperar de cuatro horas y desmoldar."
Receta de lubina agridulce,2019-08-08 13:00:31+00:00,https://okdiario.com/recetas/receta-lubina-agridulce-4453200/,1 kg de lubina. 50 gr de tocino. 1 cucharada de azúcar. 1 cucharada de harina. 60 gr de mantequilla. 1 limón. 1 cebolla. Aceite. Sal,"La lubina es un tipo de pescado que se prepara muy fácilmente, nos aseguramos de encontrar la mejor pieza a nuestra disposición. La vamos a limpiar, retirar las espinas que pueda tener y la cabeza. En la misma pescadería nos lo pueden dejar lista para la acción.. Picamos la cebolla muy fina y la colocamos en una sartén con un chorrito de aceite. Cuando la cebolla empiece a estar transparente le añadiremos el bacon cortadito en trocitos pequeños. Estos dos ingredientes le darán un sabor impresionante a la lubina.. Le añadimos a esta base la lubina cortada en rodajas. La habremos salpimentado a gusto para que empiece a coger color y esté perfectamente cocinada. Freímos la lubina por los dos lados, con unos 3 minutos por lado puede quedar bien. Este tipo de pescado no necesitará mucho tiempo, es mejor que se termine de cocinar con el calor residual y el sabor del resto de los ingredientes.. En un cazo ponemos la mantequilla a temperatura ambiente. Dejamos que se vaya fundiendo, antes de la llegada del azúcar y una cucharada de agua. Haremos una especie de salsa dulce que completará el pescado.. Cuando esta base de salsa esté fundida le añadimos la harina. Removemos como si estuviéramos haciendo una bechamel sencilla. Cuando coja un poco de color le añadimos zumo de limón, si queda una salsa muy espesa podemos ponerle un poco de agua.. Incorporamos la salsa a la lubina que estará en el fuego con el bacon y la cebolla. Dejaremos que coja temperatura unos minutos y la serviremos en caliente. Tendremos listo un plato de pescado de restaurante con un sabor y textura impresionantes. Solo nos quedará preparar el pan para disfrutar de esta increíble lubina."
Receta de Pizza de bacalao y chorizo,2019-08-08 12:00:37+00:00,https://okdiario.com/recetas/receta-pizza-bacalao-chorizo-4453790/,1 base de pizza. 300 gramos de bacalao desalado. 1-2 chorizos. 50 gramos queso mozzarella. 50 gramos de queso provolone. Salsa de tomates pelados,"Cortar trozos muy delgados del bacalao desalado. Si hemos comprado bacalao en salazón, debe estar en agua durante 48 horas, cambiando el líquido cada 8 horas.. Estirar la base de la pizza en un molde para hornear. Se puede hacer cuadrada o redonda, según guste.. Precalentar el horno en 200 grados centígrados.. Cubrir la base de pizza con la salsa de tomate, preferiblemente que sea casera.. Colocar sobre la salsa los trozos de bacalao desalado. Repartir por toda la base.. Añadir el queso mozzarella rayado por toda la pizza. Distribuir de forma uniforme por toda la base.. Agregar el queso provolone. Cubrir casi toda la pizza con ambos quesos.. Si no se encuentran estos dos tipos de queso, pueden utilizarse otros, al gusto.. Cortar los chorizos en rodajas delgadas.. Colocar las rodajas de chorizo distribuidas por toda la base de la pizza.. Añadir la pizza dentro del molde. Hornear durante unos 5 o 7 minutos.. Sacar la pizza del horno."
Receta de tortilla mallorquina,2019-08-08 11:00:48+00:00,https://okdiario.com/recetas/receta-tortilla-mallorquina-4453088/,10 huevos. 8 sardinas. 1 limón. 1 cebolla. 1 diente de ajo. Laurel. Pimentón. Perejil. Pimienta. Aceite. Sal,"Empezaremos esta receta preparando uno de los ingredientes principales, las sardinas. Las vamos a limpiar, este paso nos lo pueden hacer en la misma pescadería. Les quitamos las espinas y la cabeza y las lavaremos, dejando solo los lomos.. Maceraremos este pescado azul durante unos minutos. Los colocamos en una fuente y les añadimos un buen chorro de zumo de limón.. Pelamos y picamos el ajo que también ayudará a aromatizar las sardinas, lo ponemos por encima. Le añadimos la hoja de laurel.. Seguimos con el macerado ponemos una cucharada de pimentón y una pizca de pimienta. Dejamos que todos los sabores se mezclen durante una media hora. Podemos dejarlos más tiempo no pasará nada.. Llega el turno de la cebolla, la pelamos y picamos muy finita. Ponemos un buen chorro de aceite en la sartén y empezamos a pocharla. Le añadiremos un poco de sal para acelerar el proceso.. Mientras se cocina la cebolla nos ponemos manos a la obra con los huevos. Separamos las yemas de las claras y empezamos batiendo las claras. Llegaremos a un punto de nieve que nos conseguirá una tortilla más esponjosa.. Cuando tenemos las claras batidas a punto de nieve incorporamos las yemas. Dejamos esta mezcla preparada.. En el momento en que tenemos la cebolla pochada le ponemos las sardinas cortaditas en trocitos. Dejamos que se cocinen dos minutos antes de la llegada de los huevos.. Ponemos los huevos y dejamos que la tortilla cuaje. Le daremos la vuelta con cuidado, nos debe quedar una tortilla esponjosa y deliciosa. Cuando tenemos la tortilla lista la dejamos reposar unos minutos antes de servirla.. Podemos ponerle un poco de cebollino picado o unos germinados para decorar. Tendremos lista una tortilla mallorquina impresionante y saludable."
Receta de Merluza con acelgas en crema,2019-08-08 10:00:29+00:00,https://okdiario.com/recetas/receta-merluza-acelgas-crema-4453538/,Filetes de merluza. 300 gramos de acelgas. 40 gramos de piñones pelados. 250 mililitros de salsa bechamel. 2 cucharadas de aceite de oliva. Sal,Añadir una cucharadita de aceite de oliva en una sartén.. Añadir los piñones la sartén y dorar.. Cortar las hojas de acelgas e incluirlas en la sartén.. Tapar la sartén para que la mezcla se cocine con el vapor. Cocinar durante 5 minutos.. Añadir a la mezcla de las espinacas la salsa bechamel y un poco de sal. Dejar cocinando por dos minutos.. Colocar una cucharada de aceite en un una bandeja de hornear pequeña.. Agregar un filete de merluza sobre el aceite.. Añadir la mezcla de espinacas con piñones sobre la merluza.. Colocar encima la otra rodaja de merluza. Añadir un poco más de aceite de oliva. Dar un punto de sal.. Precalentar el horno a 180 grados centígrados.. Hornear la merluza durante 15 minutos.
Receta de conejo con pasas al microondas,2019-08-08 09:00:41+00:00,https://okdiario.com/recetas/receta-conejo-pasas-microondas-4453079/,1 conejo. 1 vaso de vino blanco seco. 100 gr de pasas de Corinto. 2 cucharadas de mostaza. 50 gr de almendras. 1 cebolla. 2 dientes de ajo. Pimienta. Laurel. Aceite. Sal,"Empezamos esta sencilla y deliciosa receta buscando todos los ingredientes. El conejo lo vamos a pedir troceado para que sea más fácil de cocinar, en la propia carnicería nos lo pueden cortar o en casa con cuidado lo vamos cortando en trozos del mismo tamaño.. Pelamos la cebolla y la cortamos muy finita. La vamos a poner en una fuente apta para microondas con un poco de aceite. Le añadimos el ajo pelado y picado. Es importante que la fuente tenga tapa para que cocine más rápidamente.. Incorporamos las almendras y ponemos en el microondas a máxima potencia durante unos 5 minutos hasta que estén las verduras tiernas. Sazonamos al gusto y removemos a la mitad del tiempo, de esta manera nos quedará un fondo ideal para completar el sabor del conejo.. Ponemos en ese momento el conejo. Lo habremos salpimentado al gusto y dispondremos en la fuente bien repartido.. Le añadimos las pasas y lo untamos todo con un poco de mostaza. Este ingrediente le dará una gran intensidad, será mejor no ponerle demasiado, siempre podremos añadirle un poco más antes de presentarlo.. Para darle sabor le añadimos la hoja de laurel y el vaso de vino blanco. Ponemos todo al microondas a máxima potencia 8 minutos. A mitad de la cocción le daremos la vuelta y removeremos un poco para que nos quede una salsa mucho más espesa. Le podemos incorporar media cucharada de harina.. Pasado este tiempo retiramos del microondas y dejamos que repose en la misma fuente. Servimos con la salsa por encima y disfrutamos de un plato de carne de restaurante."
Receta de Tarta de zanahoria y harina de almendras,2019-08-07 18:00:34+00:00,https://okdiario.com/recetas/receta-tarta-zanahoria-harina-almendras-4450334/,4 huevos. 400 gr de zanahoria. 250 gr de harina de almendras. 60 gr de harina. 200 gr de azúcar. 1 cucharada de polvo de hornear. 1pizca de sal. Ralladura y zumo de 1 limón,"Precalentar el horno a temperatura moderada durante 15 minutos.. Engrasar y enharinar un molde de 24 centímetros de diámetro.. Pelar y rallar las zanahorias.. Separar las claras de huevo de las yemas con cuidado.. Batir las yemas con el azúcar hasta que estén bien espumosas. . Agregar la zanahoria rallada, las harinas, la ralladura y zumo de limón y el polvo de hornear.. Aparte, montar las claras con una pizca de sal a punto nieve.. Incorporar las claras al batido de yemas en tandas, con movimientos envolventes para no bajar el batido.. Verter la mezcla en el molde y hornear durante 30 a 35 minutos a 180º. El punto de cuajado lo sabremos introduciendo un palillo de cocina limpio; debe salir seco.. Mientras la tarta de zanahoria y harina de almendras se enfría, preparar la cobertura.. Mezclar el azúcar glas con el zumo de limón poco a poco. Queda un glaseado espeso.. Cubrir la tarta, dejar secar y servir.. También se puede usar chocolate cobertura."
Receta de Tortilla de patatas con jamón y alioli,2019-08-07 16:00:33+00:00,https://okdiario.com/recetas/receta-tortilla-patatas-jamon-alioli-4450247/,5 patatas. 6 huevos. 6 lonjas de jamón serrano. 1 cucharada de mayonesa. 1 diente de ajo. Sal,"Pelar y picar las patatas en trozos medianos.. Freír las patatas en una sartén con aceite. Hacer esto durante unos 10 minutos a fuego lento.. Batir los seis huevos.. Añadir los huevos batidos a la sartén con las patatas. Dar un punto de sal al conjunto.. Echar en otra sartén con poco aceite la mitad de la mezcla de las patatas y los huevos. Esto debe hacerse antes de que el huevo endurezca.. Dar vuelta a la tortilla con la ayuda de un plato, tantas veces como haga falta, hasta que quede dorada.. Pelar y picar el diente de ajo.. Mezclar la mayonesa con el diente de ajo y batir. Esto nos dará la salsa alioli.. Echar la salsa alioli en una de las mezclas de huevo y patatas.. Cortar el jamón en trocitos y colocar sobre la salsa alioli.. Formar la segunda tortilla de la misma forma que la primera.. Sacar ambas tortillas del fuego. Armarlas en un plato, de forma que haya una especie de tortilla en dos capas."
Receta de espuma de cava,2019-08-07 12:00:57+00:00,https://okdiario.com/recetas/receta-espuma-cava-4449782/,½ botella de cava. 4 unidades de huevos: 4 yemas y 2 claras. 1 taza de azúcar blanca. 100 gr de nata. Una gotas de zumo de limón,"En una cacerola, verter la media botella de cava y dejar que evapore el alcohol durante 3 minutos a fuego medio.. Añadir al vino la taza de azúcar. Mezclar bien y cocinar a fuego medio, removiendo de vez en cuando. La cocción debe durar hasta que se reduzca la mezcla de vino y se forme un almíbar espeso.. En una batidora, poner las dos claras de huevo. Batir hasta alcanzar el punto de nieve. A continuación, ir incorporando poco a poco el almíbar de cava, sin dejar de batir.. Seguir batiendo la mezcla anterior hasta que se enfríe totalmente. . Incorporar las cuatro yemas de huevo, la nata y unas cuatro gotas de zumo de limón. Batir hasta lograr una mezcla homogénea.. Verter la espuma de cava en copas, refrigerar y servir fría."
Receta de pizza Mastropiero,2019-08-07 11:00:48+00:00,https://okdiario.com/recetas/receta-pizza-mastropiero-4449983/,250 gr de masa de pizza. Salsa de tomate. 100 gr de queso mozzarella. 50 gr de queso roquefort o cabrales. 50 gr de nuez molida. 4 hojas de albahaca fresca. Orégano. Aceite. Sal,"Para cocinar una buena pizza debemos tener siempre el horno preparado. Encendemos el horno a 180º para que se vaya precalentando. En el momento de tener la pista preparada con el horno listo se cocinará más rápidamente y nos quedará mucho mejor.. Extendemos la masa sobre la superficie de trabajo previamente enharinada. La masa de una pizza se caracteriza por ser fina y crujiente. Este paso también es indispensable para que nos quede una pizza de restaurante.. Le daremos una forma redonda y la colocamos en una fuente para horno. Tendremos lista la base sobre la cual colocaremos el resto de los ingredientes.. Empezaremos espolvoreando con un poco de queso en polvo la masa. Encima colocamos la salsa de tomate. La extenderemos bien por toda la superficie. Este tipo de salsa la podemos preparar en unos minutos o directamente comprarla hecha, es importante que sea de buena calidad.. Ponemos por encima unos trocitos de mozzarella perfectamente distribuida. Este queso tendrá más protagonismo, es mucho más suave y delicado que el Roquefort o Cabrales.. Seguiremos con el Roquefort o Cabrales, este ingrediente llegará en función de nuestros gustos. Podemos ponerle más o menos, dependerá de cuánto nos guste el queso intenso o no.. Para darle el toque extra cubrimos los quesos con nuez molida. Le dará un punto de textura y un sabor impresionantes.. Finalizamos con unas hojas de albahaca por encima. Horneamos la pizza a 180º durante unos 30 minutos hasta que esté perfectamente cocinada. Disfrutaremos de un plato repleto de buenas sensaciones que nos trasladará directamente a una de las mejores pizzerías italianas."
Receta de merluza hervida,2019-08-07 10:00:45+00:00,https://okdiario.com/recetas/receta-merluza-hervida-4449758/,1 merluza picada con sus espinas. 1 tomate. 1 cebolla. 1 diente de ajo. 1 hoja de laurel. Agua. Sal. Pimienta. Aceite de oliva extra virgen,"Lavar y picar el tomate por la mitad.. Picar la cebolla en cuatro pedazos grandes.. Colocar el tomate y la cebolla en una cacerola honda sin aceite.. Añadir la hoja de laurel el ajo y un poco de pimienta.. Agregar un litro de agua y poner a fuego fuerte.. Agregar a la cacerola las espinas del pescado. Llevar a punto de ebullición durante 20 minutos. Si tuviésemos las espinas demasiado tiempo al fuego, corremos el riesgo de que el fumet de pescado restante tenga un punto amargo.. Retirar las espinas del pescado.. Colocar un poco de sal a las rodajas de merluzas y agregar en el caldo de pescado que hemos hecho. Dejar hervir nuevamente contar unos 5 minutos a partir de allí.. Es importante controlar el tiempo de cocción, para no pasar el pescado. En función de lo grande que sean las rodajas de merluza, el tiempo puede variar entre 5 y 10 minutos. pero no más.. Sacar las rodajas de merluza y servir. Se puede acompañar el plato con un poco del caldo en el que fue cocinado el pescado."
Receta de boquerones al horno,2019-08-07 09:00:41+00:00,https://okdiario.com/recetas/receta-boquerones-horno-4449815/,1 kg de boquerones. 100 gr de pan rallado. 2 cucharadas de vinagre. Pimentón. Aceite. Sal,"Empezaremos esta receta en la misma pescadería o en casa. Vamos a buscar los boquerones más frescos, nos los deben limpiar a la perfección, quitarles la tripa, la cabeza y las espinas. Este pescado bien limpio es increíble, se come con mucha facilidad y puede acabar siendo un imprescindible de cualquier menú semanal saludable.. Cubrimos una fuente para horno con papel vegetal, de esta manera evitaremos que se peguen los boquerones y podamos retirarlos del horno de forma fácil sin que se rompan.. Salpimentamos al gusto y vamos colocando una capa de boquerones en una fuente apta para horno. Le añadiremos un chorrito de aceite en la base para conseguir que queden más crujientes.. Ponemos por encima de los boquerones el pan rallado. Uno de los secretos de esta receta es añadirle un poco de pimentón, le dará color y sabor a un plato tradicional como éste. Lo podemos mezclar con el pan rallado o espolvorearlo por encima.. Seguimos colocando otra capa de boquerones por encima, nos deberá quedar como una especie de pastel de boquerones el horno. Volvemos a ponerle una capa de pan rallado con el pimentón.. Le daremos sabor a este plato. En un vaso mezclamos un poco de vinagre con aceite. Regamos los boquerones con esta mezcla, le dará un sabor especial destacado. Si queremos hacerlos más suaves, en lugar de vinagre pondremos un poco de limón, el efecto será similar.. Esta fuente irá directamente al horno a 180º durante unos 20 minutos, comprobamos que los boquerones se han cocinado a la perfección con este toque crujiente que tanto nos gusta. Podemos comerlos en frío o en caliente estarán impresionantes con un poco de limón. Tendremos listo un entrante o una cena de picoteo de lujo."
Receta de Salmorejo de calabacín,2019-08-07 08:00:09+00:00,https://okdiario.com/recetas/receta-salmorejo-calabacin-4449708/,100 gramos de calabacín. 800 gramos de tomates maduros. 1 diente de ajo. 15 mililitros de vinagre. 35 mililitros de aceite de oliva virgen. 1 cucharada de sal,"Lavamos bien y cortamos el calabacín crudo en rodajas gruesas con piel y semillas. Reservamos.. En la licuadora colocamos el diete de ajo, los tomates y la sal. Batimos durante 30 segundos a velocidad media hasta obtener un puré.. Añadimos el calabacín troceado y el vinagre. Licuamos por 30 segundos y luego aumentamos al máximo la velocidad durante dos minutos.. Disminuimos la velocidad a la mitad nuevamente, mientras vertemos todo el aceite poco a poco hasta obtener una crema. Ponemos a punto de sal y pimienta.. Colocamos esta crema en una fuente y reservamos en el frigorífico.. Unos minutos antes de servir, adornamos la superficie con jamón serrano o huevos sancochados picados."
Receta de Apple pie,2019-08-06 18:00:29+00:00,https://okdiario.com/recetas/receta-apple-pie-4448383/,500 gr de harina. 250 gr de mantequilla. 1 cucharada de vinagre de manzana. 1 cucharadita de sal. 50 gr de azúcar glas. 7 cucharadas de agua,"Mezclar la harina con el azúcar y la sal. Cortar la mantequilla en cuadrados pequeños y agregar. Con un tenedor aplastar la mantequilla hasta formar un arenado.. Añadir el agua y el vinagre y amasar hasta obtener una masa lisa.. Dividir en dos partes iguales la masa, envolver en papel film y llevar a la nevera durante una hora.. Retirar del frío un momento antes de usar.. Mientras, hacer el relleno. Pelar y cortar las manzanas en trozos pequeños. . Mezclar con el azúcar, la canela y la vainilla.. Calentar una sartén con la mantequilla. Cuando se funda, agregar las manzanas.. Remover y cocinar hasta que se vean doradas.. Añadir la harina de maíz mezclada con el zumo de limón. Cocinar todo junto durante cinco minutos y retirar del fuego.. Para el montaje, estirar ambas partes de la masa en círculos del mismo tamaño.. Engrasar el molde a usar. Cubrir con un disco de masa. Pinchar con el tenedor la superficie. Tapar con papel de aluminio y rellenar con alubias o garbanzos.. Llevar al horno precalentado a temperatura moderada durante 15 minutos.. Retirar el papel y los garbanzos.. Rellenar con las manzanas y cubrir con el otro disco de masa. Presionar los bordes y hacer un pliegue. Cortar unas ranuras en la superficie y pincelar con yema de huevo.. Hornear durante 45 minutos, dejar enfriar el apple pie y servir."
Receta de Boquerones a la sidra,2019-08-06 16:00:46+00:00,https://okdiario.com/recetas/receta-boquerones-sidra-4448329/,1 kg de boquerones frescos. 1 ½ taza de sidra natural (sin gas). 1 cucharada de harina. 1 cebolla. 1 cucharada de pimentón en polvo. 1 rama de perejil. 10 cucharadas de aceite de oliva virgen extra. Sal al gusto,"Salar los boquerones. Reservar.. Pelar y cortar la cebolla en trozos pequeños. Reservar.. Lavar y secar el perejil. Cortarlo en trozos muy pequeños. Reservar.. En una cacerola amplia, verter 3 cucharadas de aceite de oliva virgen extra. Agregar la la cebolla en trozos. Rehogar unos minutos. Añadir un poco de perejil picado y la cucharada de harina espolvoreada. Seguir rehogando hasta que la harina coja color.. A continuación, incorporar los boquerones sobre la cebolla y distribuirlos en toda la cacerola.. Verter la sidra sobre los boquerones.. Cubrir los boquerones con el pimentón en polvo y el restante de perejil picado. Mover la cacerola con ambas manos.. Encender el fuego a media intensidad y cocinar durante 7 -8 minutos, moviendo de vez en cuando la cacerola para que no se peguen los ingredientes.. Al servir, bañar los boquerones con la salsa de sidra."
Receta de anguila con cerveza,2019-08-06 15:00:14+00:00,https://okdiario.com/recetas/receta-anguila-cerveza-4446890/,1 kg de anguila. ½ de cerveza rubia. 3 yemas de huevo. Nata líquida. Pan. Mantequilla. Pimienta. 1 ramito de hierbas aromáticas. Aceite. Sal,"Empezamos esta increíble receta buscando el ingrediente principal. La anguila es un pescado que se obtiene de una serie de lugares especiales de nuestra geografía, lo podemos encontrar fresco o congelado, en cualquier caso, estará increíble.. Limpiamos la anguila, le quitamos cualquier pielecilla que pueda tener y la espina central para que sea mucho más fácil comerla. La cortaremos en trocitos del mismo tamaño y la salpimentaremos al gusto.. Rehogamos la anguila en una sartén con un chorrito de aceite, le daremos color y la textura necesaria para triunfar. Este tipo de pescado se cocinará muy rápidamente no necesitará mucho más para quedar bien.. Cuando esté dorada y sellada, le añadimos la cerveza. Dejaremos que se cocine con este elemento durante unos 10 minutos. Lo ideal es emplear una cerveza rubia es mucho más delicada que una negra, aunque en ambos casos puede quedar bien.. Para darle un sabor mucho más especial a este plato le pondremos un ramito de hierbas aromáticas. Podemos escoger las que más nos gusten, lo ideal es que le aporten sabor a este pescado blanco. Queda bien con estragón, perejil, salvia, tomillo y perifollo.. Añadimos las yemas de huevo batidas con dos cucharadas de nata líquida, sin dejar de remover hasta que vaya espesando esta salsa. Rectificamos de sal y pimienta, retiramos del fuego cuando esté la salsa lista.. Serviremos esta anguila con cerveza en un cuenco. La podemos decorar con unas semillas de sésamo. Es mejor comerla en frío, tendrá unos sabores mucho más marcados, acompañamos esta delicia de unas tostadas con mantequilla para poder degustarla o un poco de arroz blanco, estará impresionante."
Receta de cordero con dátiles,2019-08-06 13:00:08+00:00,https://okdiario.com/recetas/receta-cordero-datiles-4446849/,450 gr de chuletas de cordero. 100 gr de dátiles. 15 gr de almendras. 2 limones. Canela. Pimienta. Aceite. Sal,"Esta receta de cordero con dátiles la podemos preparar en el microondas de forma fácil y rápida. Es perfecta para cualquier ocasión, su base es saludable, deliciosa y equilibrada, con una combinación de proteínas y ácidos grasos imprescindibles.. Empezamos a preparar esta delicia colocando los dátiles en un cuenco, les quitamos el hueso en el caso que lo tengan y los picamos en trocitos del mismo tamaño. Incorporamos un poco de canela, la ralladura de un limón y su zumo. Hidrataremos un poco más este fruto seco con un vaso de agua.. Mezclamos bien y ponemos en un recipiente apto para microondas, tapamos y colocamos a máxima potencia durante unos 4 minutos. Pasado este tiempo vamos a pasar esta mezcla por la batidora hasta que quede una salsa llena de dulzor que será la que le de personalidad a esta carne de cordero.. Limpiamos las chuletas de cordero, les quitaremos cualquier pielecilla o grasa que tengan de más. Las cortaremos en rodajas del mismo tamaño. Ponemos en un recipiente con tapa al microondas con un chorrito de aceite, salpimentadas al gusto.. Colocamos a máxima potencia durante unos 4 minutos hasta que vemos que la carne se ha dorado. Ponemos en ese momento la mezcla anterior. Salpimentamos al gusto para equilibrar el dulzor de la salsa.. Ponemos 5 minutos más en el microondas para que todos los sabores se integren. Removemos y volvemos a poner unos 2 minutos más en el caso de que la carne aún no esté lo suficientemente tierna.. Dejamos que repose y servimos con la almendra laminada por encima y unas rodajas de limón para decorar. Tendremos listo un plato de carne con unos sabores realmente impresionantes."
Receta de Lomo de cerdo con salsa picante,2019-08-06 12:00:35+00:00,https://okdiario.com/recetas/receta-lomo-cerdo-salsa-picante-4448255/,1 kg de lomo de cerdo. 4 pimientos choriceros. 2 ñoras. 2 guindillas frescas. 2 guindillas secas. 4 tomates secos. ½ cucharada de comino. ½ cucharada de orégano. 3 clavitos de especia. 2 tazas de agua. 4 dientes de ajo. 1 hoja de laurel. 6 cucharadas de aceite de oliva. ½ cucharadita de pimienta negra. Sal al gusto,"Limpiar el lomo de cerdo retirando la grasa. Cortarlo en dados grandes y salpimentarlo.. En una cacerola, verter tres cucharadas de aceite de oliva y calentar a fuego medio. Incorporar los trozos de lomo de cerdo y sellarlos por todos sus lados hasta dorarse. Retirar de la sartén y reservar.. Mientras tanto, lavar y desechar las semillas de los pimientos, ñoras y guindillas.. Lavar los tomates secos.. Pelar los dientes de ajo y dejarlos enteros.. En la misma cacerola donde se selló el cerdo, agregar 3 cucharadas más de aceite de oliva. Incorporar los dientes de ajo y las guindillas frescas. Cocinar durante 2 minutos a fuego medio hasta que comiencen a dorarse.. Inmediatamente, agregar los pimientos choriceros, las ñoras, las guindillas secas, los tomates secos y la hoja de laurel. Añadir el comino, el orégano y los clavos. Remover y cocinar durante 1 minuto, removiendo continuamente.. Añadir el agua y una pizca de sal, subir el fuego a alto y dejar que llegue a punto de ebullición. Cocinar durante 10 minutos.. Pasado el tiempo, retirar la hoja de laurel y reservarla.. En un vaso de licuadora, agregar todo el contenido de la cacerola, incluyendo el caldo. Triturar hasta que se homogenice la salsa.. Verter la salsa nuevamente en la cacerola, los lomos de cerdo cocidos y la hoja de laurel reservada. Cocinar a fuego alto hasta que reduzca la salsa casi a su totalidad. Probar el punto final de sal.. Al servir, untar un poco de la salsa picante a los tacos de lomo de cerdo."
Receta de potaje verde,2019-08-06 11:00:15+00:00,https://okdiario.com/recetas/receta-potaje-verde-4446819/,1 kg de puerros. 1 kg de patatas. 300 gr de apio. 1 cucharada de mantequilla. 1 tarrina de nata líquida. Perifollo. Pimienta. Sal,"Esta receta se cocina muy fácilmente debemos asegurarnos de disponer de los ingredientes necesarios. En este caso vamos a usar una serie de verduras frescas que son una garantía de éxito, el sabor y la calidad de este elemento marcará el destino de este plato vegetariano.. Empezaremos por los puerros, los vamos a limpiar, les quitaremos la parte verde y nos quedaremos con la blanca. Los cortaremos en rodajas del mismo tamaño para que se vayan cocinando a la vez.. Ponemos un poquito de mantequilla en el fuego y los vamos a ir cocinando poco a poco. Nos interesa que queden transparentes y tiernos, este ingrediente es parecido a la cebolla, pero posee una suavidad mucho mayor.. Seguiremos con el apio, el otro protagonista verde de la receta. Le quitamos los hilos más duros, lo cortaremos en trocitos del mismo tamaño. Pondremos el apio en una olla grande a la espera del resto de los ingredientes.. Continuaremos con las patatas, las pelamos y las cortamos en taquitos del mismo tamaño, irán directamente a la olla en compañía del resto de los ingredientes.. Incorporamos los puerros y cubrimos con agua. Con unos dos litros será suficiente. Cocinamos estos ingredientes a fuego lento hasta que estén casi listos, en ese momento le incorporamos la nata líquida.. A medida que la nata vaya espesando vamos poniendo el perifollo. Lo tendremos picado para que nos aporte todo su sabor y color. Rectificaremos de sal y pimienta. Le añadimos la cantidad adecuada.. Cuando estén todas las verduras cocinadas, pasaremos esta mezcla por la batidora. Crearemos una especie de crema que podemos servir en caliente o frío, quedará siempre bien con unos trocitos de pan para acompañarla."
Receta de Berenjenas mozárabes,2019-08-06 10:00:30+00:00,https://okdiario.com/recetas/receta-berenjenas-mozarabes-4446699/,2 berenjenas. 500 ml de leche. 1 cucharadita de sal. Miel de caña c/n. Aceite para freír,"Lavar las berenjenas y cortar en rodajas finas.. En un bol mezclar la leche con la sal y echar las berenjenas. Remover para que queden impregnadas de la mezcla. Dejar reposar durante 30 minutos, así pierden el sabor amargo.. Mezclar la harina con la sal y la levadura.. Poco a poco incorporar la cantidad necesaria de agua, batiendo con un tenedor, hasta obtener una masa líquida pero espesa.. Calentar una sartén con suficiente aceite para freír.. Sumergir una a una las rodajas de berenjena por la masa, escurrir el exceso y freír por ambos lados hasta que se vean doradas.. Colocar sobre papel absorbente para eliminar el exceso de aceite.. Poner las berenjenas mozárabes en una fuente y rociar con un hilo de miel.. Servir enseguida."
"Receta de crepes de cuajada, miel y pasas",2019-08-06 09:00:41+00:00,https://okdiario.com/recetas/receta-crepes-cuajada-miel-pasas-4446803/,250 gr de harina. 4 huevos. ½ litro de leche entera. 50 gr de mantequilla. 10 gr de azúcar. 1 pellizco de sal. 250 gr de cuajada o requesón. 3 cucharadas de uvas pasas. 2 cucharadas de piñones. 1 limón. 4 cucharadas de miel,"El primer paso para preparar estas increíbles crepes es tener lista la base, colocamos la harina tamizada en el vaso de la batidora. Tamizarla será una de las formas de evitar que se generen grumos y nos quede una masa mucho más uniforme. Es importante y además muy necesario este paso.. Ponemos poco a poco a esta harina, la leche y los huevos. Estos ingredientes líquidos se irán transformando en una masa realmente única. Lo haremos de esta manera para que se integren despacio, batiendo y mezclando con las varillas.. Añadimos una pizca de sal para equilibrar los sabores y, finalmente, le pondremos el azúcar. Ponemos un poco de mantequilla en la sartén y dejamos que se caliente bien. Este es uno de los secretos de que nos salga una crepe perfecta.. Cuando la sartén está caliente, incorporamos la masa, la extendemos por toda la sartén y esperamos a que se cocine. En ese momento se empezará a despegar, será cuando le demos la vuelta a la crepe y la dejemos unos segundos más en el fuego.. Preparamos una salsa poniendo la miel, el zumo de medio limón, 1 cucharada de uvas pasas y la misma cantidad de piñones. Haremos una especie de salsa dulce con esta mezcla.. Batimos la cuajada con la ralladura del limón. La mezclamos con el resto de los frutos secos. Ponemos este relleno en la crepe y la regamos con la salsa. Tendremos lista una merienda, postre o desayuno sano y delicioso."
Receta de natillas de piña,2019-08-05 18:00:21+00:00,https://okdiario.com/recetas/receta-natillas-pina-4445440/,4 huevos. 100 ml de zumo de piña. 5 rodajas de piña fresca. 30 gr de fécula de maíz. 500 ml de leche. 150 gr de azúcar,"Disolver la fécula con unas cucharadas de leche.. Batir los huevos y agregar la fécula disuelta.. A parte, triturar en la licuadora o con la batidora las rodajas de piña, la leche, el azúcar y el zumo.. Pasar la preparación por un colador para extraer todo resto de fruta que haya quedado.. Colocar la preparación en una olla y llevar a fuego suave. Antes de que rompa el hervor, retirar del fuego y añadir los huevos con la fécula. Mezclar bien y volver al fuego.. Con cuchara de madera, remover hasta que las natillas comiencen a burbujear.. Colocar las natillas de piña en copas o cuencos individuales. Dejar templar durante 10 minutos a temperatura ambiente. Por último, cubrir con papel film y reservar en la nevera hasta el momento de servir.. Presentar cada copa decorada con un trozo de piña fresca."
Receta de Risotto de champiñones y frutos secos,2019-08-05 16:00:59+00:00,https://okdiario.com/recetas/receta-risotto-champinones-frutos-secos-4445339/,"½ taza de arroz. 150 gr de champiñones en conserva, cortados en láminas.. ½ cebolla. 1 pimiento verde. ½ pimiento rojo. ½ tomate. ¼ taza de vino blanco. 3 tazas de caldo de verduras. 1 cucharadita de azafrán. 10 nueces picadas. 5 almendras picadas. 2 cucharadas de queso parmesano rallado. 3 cucharadas de aceite de oliva. Una pizca de pimienta negra. ½ cucharada de sal","Pelar y cortar la cebolla en trozos pequeños.. Cortar el pimiento verde y el rojo en trozos pequeños.. Rallar el tomate y desechar la piel.. En una cacerola de baja poca profundidad, verter el aceite de oliva y calentar a fuego medio.. Una vez caliente el aceite, añadir la cebolla y los pimientos. Pochar durante unos minutos, hasta que comiencen a dorarse.. Agregar a la cacerola el tomate rallado y el vino blanco. Remover. Subir el fuego a medio-alto y dejar que se reduzca el vino durante 2 minutos.. Calentar en una cazuela aparte el caldo de verduras. Mantener caliente.. Incorporar el arroz a la cacerola del sofrito y dejar rehogar durante 2 minutos, removiendo de vez en cuando.. A continuación, bajar el fuego a medio y verter dos tazas del caldo de verduras caliente. Añadir la sal, la pimienta y el azafrán. Remover constantemente hasta que el arroz absorba todo el caldo.. Al secarse el caldo, bajar el fuego a medio-bajo e ir incorporando el resto del caldo de verduras poco a poco hasta conseguir que el arroz esté cremoso y blando. Este proceso puede durar unos 25 minutos.. Cuando hayan transcurrido 12 minutos, incorporar los champiñones.. Cuando falten 5 minutos de los 25 minutos de cocción del arroz, rectificar el punto de sal.. Retirar del fuego y añadir las nueces, las almendras y el queso parmesano rallado. Dejar reposar durante unos minutos antes de servir el risotto de champiñones y frutos secos."
Receta de pomelos rellenos,2019-08-05 15:00:18+00:00,https://okdiario.com/recetas/receta-pomelos-rellenos-4443742/,4 pomelos. 1 granada. 2 naranjas. 2 claras de huevo. 1 copa de licor de naranja. Azúcar,"Para preparar estos pomelos rellenos el primer paso será hacernos con la mejor materia prima a nuestra disposición. Los pomelos son un tipo de fruta que solemos cocinar de vez en cuando, pero nos servirá para crear un postre intenso y delicioso con una apariencia de restaurante.. Lavamos bien los pomelos, usaremos la parte exterior para servir de recipiente, es importante quedarnos con los más bonitos. Les haremos un corte en la parte superior y los vaciaremos con cuidado, deben quedar lo más enteros posibles.. Guardaremos la pulpa y el zumo en un bol. Seguiremos con el resto de las frutas. Vamos a pelar las naranjas con cuidado, les dejaremos solo la parte de la pulpa y nos desharemos de la parte blanca.. Pelaremos y desgranaremos la granada, este elemento será una auténtica sorpresa en un mar dulce de sabores cítricos.. En un cazo ponemos la pulpa y el zumo del pomelo, con un poco de azúcar. Le añadiremos el licor de naranja y dejaremos que se cocinen estos ingredientes durante unos minutos.. Le incorporamos a esta base el resto de los ingredientes la pulpa de naranja y las pepitas de la granada. Mezclaremos bien fuera del fuego hasta tener una base dulce repleta de fruta y de buenas vibraciones.. Rellenaremos los pomelos con esta base y los pondremos directamente en el congelador. Nos interesa que queden lo más fresquitos posibles para disfrutar de todos los sabores a modo de helado saludable.. Para completar esta receta batiremos las claras a punto de nieve con un poco de azúcar y lo dispondremos por encima. Será la puerta de entrada dulce a los sabores cítricos de este dulce. Podemos acompañar esta delicia de un poco de fruta troceada o de unas láminas de almendra, estará impresionante."
Receta de atún con espinacas al microondas,2019-08-05 13:00:21+00:00,https://okdiario.com/recetas/receta-atun-espinacas-microondas-4443652/,1 kg de atún. 1/ kg de espinacas. ½ kg de tomates. 2 cebollas. 4 dientes de ajo. Perejil. Orégano. Aceite. Sal,"Lo más complicado de esta receta será hacernos con todos los ingredientes, por lo demás, se cocinarán muy fácilmente en el microondas. Buscaremos un recipiente apto para este elemento con tapa para poder conseguir el resultado adecuado.. Empezaremos con el bonito, lo vamos a lavar y preparar, le quitaremos cualquier pielecilla o espina que pueda tener. Lo colocaremos en la fuente para microondas.. Pelamos los tomates y los troceamos, los disponemos sobre el atún. Repetiremos la operación con la cebolla y el ajo. Le daremos el toque de color y sabor con un poquito de perejil que vamos a picar muy finito.. Para que todos estos ingredientes se cocinen en el microondas a las mil maravillas ponemos un vasito de aceite. Por último, una pizca de orégano conseguirá darle el sabor que este pescado necesitará.. Tapamos el recipiente y lo ponemos en el microondas a máxima potencia durante unos 4 minutos. Este tipo de pescado se cocinará de forma rápida, no necesitará muchos minutos para quedar bien, es mejor que esté poco hecho.. Pasados estos minutos comprobaremos el punto de cocción del atún. Si vemos que ya casi está hecho le ponemos las espinacas, esta verdura se cocinará casi que con el calor residual de este pescado.. Para que queden perfectamente hechas, colocamos con el resto de los ingredientes y volvemos a poner en el microondas a máxima potencia durante unos 2 minutos. En ese momento tendremos listo un plato de pescado completo y delicioso.. Dejamos que repose unos minutos y antes de que se enfríe lo serviremos con un poco de pan para mojar una salsa a base de tomate y espinacas de lo más especial."
Receta de Potaje de judías con champiñones,2019-08-05 12:00:13+00:00,https://okdiario.com/recetas/receta-potaje-judias-champinones-4443815/,370 gramos de alubias blancas cocidas o en conserva. 250 gramos de champiñones. 1 zanahoria. 1 cebolla. Aceite de oliva. Sal. Pimienta. Perejil,"Lavar las alubias y dejarlas escurrir durante media hora. . Lavar, pelar y cortar en rodajas o en bastones la zanahoria. En agua poner a hervir las rodajas de zanahorias hasta que estén blandas pero no demasiado. Lo ideal es que estén un poco al dente. Retirar y reservar.. Cortar los champiñones.. En una sartén agregar aceite de oliva y poner a sofreír la cebolla previamente picada.. Cuando la cebolla este cristalizada agregar la zanahoria y luego los champiñones cortados.. Agregar las alubias a la preparación.. Colocar sal y pimienta al gusto.. Tapar la sartén y dejar cocer el conjunto unos minutos. . Picar el perejil finamente y agregar al final de la preparación."
Receta de macarrones con almejas,2019-08-05 11:00:29+00:00,https://okdiario.com/recetas/receta-macarrones-almejas-4443583/,400 gr de macarrones. ½ kg de almejas. 3 tomates. 1 vaso de vino blanco. 1 cebolla. Ajo. Perejil. Pimienta blanca. Aceite. Sal,"Estos macarrones con almejas son muy sencillos de cocinar, la parte más complicada será hacernos con todos los ingredientes necesarios. Intentaremos que sean lo más frescos posibles y de buena calidad.. Pelamos y picamos la cebolla muy finita. En una sartén con un poquito de aceite vamos a empezar a pocharla. Añadiremos un poquito de sal para acelerar el proceso.. Seguimos con el resto de las verduras, pelaremos y trocearemos los tomates. Los vamos a añadir directamente a la cebolla y dejaremos que se cocinen a fuego lento.. En un mortero pelamos el diente de ajo y lo machacamos. Le añadiremos un poco de perejil picado, vamos a deshacer esta pasta con un poco de vino blanco. Formaremos una salsa repleta de sabor que dará mucha personalidad a estos macarrones.. Añadimos a la salsa de tomate y cebolla que tenemos en el fuego esta mezcla. El vino le dará ese sabor especial afrutado e intenso que con el ajo cobrará especial protagonismo.. Las almejas las habremos tenido en remojo con un poco de sal unas horas antes. De esta manera conseguiremos que se limpien y queden perfectamente cocinadas sin ninguna impureza.. Escurriremos las almejas y las vamos a poner en la salsa de tomate. Dejaremos que se abran y nos aporten todos sus jugos para darle a esta salsa un sabor a mar destacado.. Retiramos las almejas de sus cáscaras para hacer esta pasta más fácil de comer. Cocinamos los macarrones, pueden ser de cualquier tipo. Podemos optar por una variedad integral si queremos cuidarnos un poco más.. Hervimos la pasta con un poco de sal y cuando esté lista la escurrimos. La vamos a poner en un plato con la salsa por encima, tendremos lista una receta sencilla y deliciosa."
Receta de ceviche de sardinas,2019-08-05 10:00:57+00:00,https://okdiario.com/recetas/receta-ceviche-sardinas-4443729/,1 kg de filetes de sardinas. 5 limones. 1 cebolla morada. 1 diente de ajo. 1 pimiento rojo. 1 rama de perejil. 4 cucharadas de aceite de oliva virgen extra. Pimienta negra al gusto recién molida. Sal al gusto. Salsa tabasco (opcional),"Lavar y secar el perejil. Cortarlo en trozos muy pequeños hasta conseguir de tres cucharadas. Reservar.. Lavar los filetes de sardina. Incorporarlos en un recipiente con agua muy fría con hielo durante 5 minutos. Retirar y dejar escurrir.. En un bol, colocar los filetes por capas. Salpimentar cada capa de filetes y agregarles aceite de oliva y perejil picado.. Pelar y cortar la cebolla morada en tiras finas y alargadas.. Pelar y triturar el diente de ajo.. Cortar el pimiento en tiras finas y alargadas.. Extraer el zumo de los limones, retirando y desechando las semillas.. En un bol aparte, verter el zumo de limón y el ajo. Mezclar muy bien. Si se desea, se le agrega la cantidad deseada de salsa tabasco.. Incorporar la cebolla y el pimiento al recipiente con las sardinas.. Verter al recipiente con sardinas el zumo de la mezcla de limón. El zumo debe cubrir todas las sardinas. Remover con las manos todos los ingredientes hasta integrarlos.. Tapar el recipiente con ceviche con un papel film y refrigerar en la nevera durante 24 horas para su consumo."
Receta de pollo al Jerez,2019-08-05 09:00:42+00:00,https://okdiario.com/recetas/receta-pollo-jerez-4443544/,1 pollo. 1 vaso de Jerez. 2 cucharadas de harina. 2 vasos de leche. 300 gr de aceitunas deshuesadas. Ajo. Aceite. Sal,"El pollo es un tipo de carne delicioso que es de las más sencillas de cocinar, además se trata de un ingrediente low cost que nos permite crear comidas espectaculares con poco dinero. Usaremos un pollo entero que pediremos que nos corten en trozos para que se cocine más rápidamente.. Vamos a limpiar el pollo antes de cocinarlo, nos aseguramos de que no tiene ninguna impureza o pielecilla. Lo secaremos antes de salpimentar al gusto. Le añadiremos un poco de ajo en polvo o cortado muy finito para que se macere con este ingrediente. Dejaremos que repose unos 20 minutos.. Pasado este tiempo ponemos un buen chorrito de aceite en una sartén y sellamos el pollo. Doraremos cada una de las piezas de pollo, cuando estén listas las ponemos en otra sartén y nos quedamos con el aceite previamente colado.. Pondremos unas 3 cucharadas soperas de aceite. Le añadimos a este aceite las 2 cucharadas de harina, tostaremos este ingrediente hasta que coja color y nos elimine ese sabor a crudo que puede tener.. En ese momento le vamos introduciendo la leche y el Jerez. Haremos una bechamel con un sabor un poco más especial. Cuando tenga el punto de textura adecuado, la salpimentaremos al gusto.. Incorporamos a esta bechamel el pollo y dejamos que se cocine a fuego lento hasta que la salsa siga espesando. El pollo debe quedar muy tierno para conseguir una carne de lo más gustosa.. Le añadimos a esta base las aceitunas deshuesadas. Este ingrediente le dará una gracia destacada al pollo, su textura e intensidad son ideales para las carnes blancas. Servimos el pollo con la salsa bien espesa y las aceitunas acompañándolo. Tendremos listo un plato sencillo, rápido y delicioso."
Receta de Crema templada de apio y manzana,2019-08-05 08:00:05+00:00,https://okdiario.com/recetas/receta-crema-templada-apio-manzana-4443677/,8 tallos de apio enteros y frescos. 1 manzana. 1 cebolla. 1 patata pequeña. 2 cucharadas de mantequilla. 2 tazas de agua. 1 taza de leche. 1 pizca de sal,"Lavar y limpiar el apio, quitándole las venas. Cortar en trozos. Reservar.. Lavar y pelar la patata y cortarla en trozos pequeños. Reservar en un tazón con agua.. Pelar y cortar la cebolla en trozos pequeños.. En una cacerola, poner las dos cucharadas de mantequilla y calentar a fuego medio-alto.. Al fundirse la mantequilla, agregar la patata y la cebolla picadas. Añadir una pizca de sal y rehogar durante 2 minutos, hasta que comiencen a cambiar de color. Remover cada 30 segundos.. Incorporar a la cacerola el apio ya troceado. Remover y dejar cocinar durante 5 minutos. Remover de vez en cuando.. Mientras, pelar la manzana y cortarla en trozos.. Añadir la manzana a la cacerola con la patata y la cebolla. Rehogar durante 2 minutos.. A continuación, verter a la cacerola el agua y la leche. Añadir una pizca de sal. Remover y dejar cocinar hasta que llegue a punto de ebullición.. Al hervir, bajar el fuego a bajo y cocinar durante 20-25 minutos.. Con la licuadora de mano, triturar y mezclar hasta conseguir una crema. Si no se dispone de este utensilio, triturar en la licuadora tradicional.. Rectificar el punto de sal."
Receta de Pan con tomate y tortilla,2019-08-04 18:00:35+00:00,https://okdiario.com/recetas/receta-pan-tomate-tortilla-4433308/,2 huevos. 1 rebanada de pan. ½ tomate. 1 diente de ajo. Sal al gusto. Aceite de oliva,"En un recipiente batimos los dos huevos con un tenedor o con un batidor manual. Una vez que estén bien mezclados agregamos sal al gusto.. Calentamos el aceite de oliva en una sartén. Cuando esté bien caliente incorporamos los huevos. Revolvemos constantemente para evitar que se peguen y lo volteamos de vez en cuando para que se cocine por ambos lados. Retiramos del fuego.. Aparte, tostamos el pan por unos pocos segundos. Es importante que no se queme ni se dore en exceso.. El diente de ajo lo pasamos por la superficie del pan para que tome su sabor característico.. Tomamos el medio tomate y lo untamos a lo largo de todo el pan, cuidando de que quede bien impregnado.. El próximo paso es verter un poco de aceite de oliva sobre el pan, pero sin excedernos. Colocamos la tortilla de huevos encima y servimos."
Receta de tarta de higos y almendras,2019-08-04 15:00:14+00:00,https://okdiario.com/recetas/receta-tarta-higos-almendras-4441753/,½ kg de higos. 250 gr de almendras molidas. 200 gr de masa de hojaldre. 250 gr de azúcar,"Esta tarta de higos y almendras la podemos preparar con unos pocos ingredientes solo dos elementos más además de los protagonistas nos ayudarán a tener listo un postre saludable que hará historia.. Los higos de esta tarta deben estar muy maduros, la textura de esta fruta es la que conseguirá darle la gracia y el contraste necesario para que con las almendras sea algo simplemente maravilloso. Los vamos a pelar, les quitaremos toda la piel y los trocearemos, guardaremos los más bonitos para decorar la tarta.. Mezclaremos las almendras con el azúcar. Lo ideal es que estén picadas o fileteadas, no deben aquedar enteras, quedará mucho mejor con el tamaño adecuado para que puedan mezclarse con el resto de los ingredientes. Podemos cambiar el azúcar por azúcar moreno, miel o cualquier otro edulcorante que nos permita crear un postre más saludable.. Encenderemos el horno a 180º para que vaya precalentándose y prepararemos la fuente para la tarta. La engrasaremos con un poco de mantequilla.. Ponemos un poco de harina en la mesa de trabajo y extendemos el hojaldre con ayuda de un rodillo, nos interesa que quede una masa fina y delicada al igual que el resto de los ingredientes.. Forramos el molde con el hojaldre. Ponemos por encima del hojaldre la mitad de la almendra y el azúcar. Encima disponemos los higos y coronamos el resto de almendra y azúcar que nos quedaba.. Horneamos esta delicia a 180º durante unos 20 minutos. Cuando veamos que esté dorada paramos el horno y la sacamos. Dejaremos que se enfríe antes de desmoldarla, la podemos servir con un poco de yogur natural y almendra picada por encima, estará impresionante."
Receta de almejas en salsa rubia,2019-08-04 13:00:52+00:00,https://okdiario.com/recetas/receta-almejas-salsa-rubia-4441714/,1 kg de almejas. 1 vaso de vino blanco. Harina. 1 cebolla. 1 diente de ajo. 1 hoja de laurel. Pimienta. Perejil. Aceite. Sal,"Las almejas son un marisco de lo más especial, perfecto para celebraciones o darnos un pequeño capricho. Para poder cocinarlas a la perfección las vamos a poner previamente en remojo con agua y sal, de esta manera eliminarán cualquier impureza que puedan tener y se limpiarán. Resulta muy desagradable encontrar esa arenilla que sin lavarlas tendrían.. Ponemos las almejas en un cazo con un vaso de agua y la hoja de laurel. Cuando las tenemos todas abiertas, les retiramos la concha que les sirve de tapa y las reservamos, aprovecharemos el agua de la cocción para hacer la salsa.. Seguimos con las verduras, pelamos y picamos muy finita la cebolla, repetiremos la operación con el diente de ajo. Colocamos estos dos ingredientes en una sartén con un chorrito de aceite, dejamos que se vayan pochando a fuego lento hasta que hayan cogido ese color dorado que nos interesa.. En ese momento ponemos la harina y dejamos que se tueste. Es importante que se cocine bien o de lo contrario nos aportará un sabor a crudo que no le van nada bien a nuestras almejas. Cuando tenemos la harina lista, le colocamos el caldo de la cocción de las almejas. Dejaremos que vaya espesando un poco hasta que coja consistencia.. Sazonamos con la cantidad justa de sal y pimienta. Incorporamos las almejas y dejaremos que todos estos ingredientes se fundan en un mar de sabores y de texturas irrepetibles.. Pasados unos cinco minutos retiramos del fuego las almejas y preparamos el emplatado. Servimos las almejas con un poco de perejil picado por encima y disfrutamos de un entrante realmente sorprendente que se prepara en un abrir y cerrar de ojos."
