url,title,date,text
https://www.pequerecetas.com/receta/arroz-con-champinones/,"Arroz con champiñones (receta FÁCIL, rápida, y muy rica)",2015-02-12 08:48:04+01:00,"Arroz con champiñones… Una deliciosa receta que os va a encantar. Su sabor suave unido al grano de arroz cremoso y la textura de los champiñones hace de este plato una verdadera delicia.

¡Éxito asegurado con los niños! El champiñón no tiene un sabor fuerte y la combinación de sabores en este rico arroz con champiñones es sencillamente maravillosa. Ya lo he preparado en varias ocasiones y el resultado siempre ha sido el mismo: ¡éxito rotundo! Y no es de extrañar porque está buenísimo.

Además, este arroz con champiñones es una receta económica, no lleva demasiados ingredientes y los que lleva, son fáciles de encontrar y no son nada caros. Su preparación es sencilla por lo que todavía le sumo más puntos a su sabor.

Os invito a prepararlo y que compartáis con nosotros vuestra opinión. ¡Os va a gustar, lo se!

Receta de arroz con champiñones

Ingredientes

250 g arroz

500 ml caldo de verduras

100 ml vino

3 cucharadas de aceite de oliva virgen extra

2 dientes de ajo

1 cebolla pequeña o 1/2 grande

1 cucharada de tomillo

125 g queso tierno

200 g champiñones

Cómo hacer arroz con champiñones

Salteamos los champiñones

Vertemos 3 cucharadas de aceite en una cazuela.

Cuando empiece a estar caliente, añadimos los champiñones cortados a nuestro gusto y los sofreímos.

cortados a nuestro gusto y los sofreímos. Cuando los champiñones cojan un color dorado, retiramos del fuego y reservamos.

Añadimos el arroz

Incorporamos ajo picadito y cebolla picadita.

Freímos todo junto hasta que la cebolla esté tierna y coja un ligero color dorado.

Añadimos los champiñones y el arroz.

y el arroz. Damos unas vueltas al arroz para que se impregne bien de todos los sabores, añadimos vino blanco y dejamos que evapore el alcohol.

A continuación incorporamos el caldo de verduras, un poquito de tomillo y subimos el fuego hasta que rompa a hervir.

Bajamos entonces el fuego a medio – bajo y dejamos cocinar hasta que no quede caldo, aproximadamente 20 minutos.

Probamos para ver que el arroz está en su punto. Si es necesario añadimos un poco más de caldo.

Incorporamos el queso

Una vez que el arroz ha absorbido el caldo y esté tierno, añadimos el queso a trocitos.

a trocitos. Mezclamos con cuidado. El queso se irá derritiendo.

se irá derritiendo. Servimos el arroz inmediatamente.

Cómo acompañar el arroz con champiñones

Este arroz con champiñones por sus ingredientes se puede tomar como plato único, o bien acompañando a algún otro plato de carne. Tiene un sabor extraordinario y el toque de queso nos recuerda al risotto, aunque la forma de preparación difiere de este último.

Si quieres probar otras recetas con arroz te recomendamos nuestros risotto de pollo, este risotto de verduras con calabacín, el arroz a la milanesa, o el risotto de calabaza. También te recomendamos probar el arroz al horno, un delicioso arroz con verduras, o un arroz a banda."
https://www.pequerecetas.com/receta/nuggets-pollo-horno-polos-pollo/,Nuggets de pollo al horno o… ¡polos de pollo!,2015-02-11 08:03:55+01:00,"¿Os gustan los nuggets de pollo? Pues a quién no, ¿verdad? El único problema que yo les veo es que siendo fritos no son tan saludables, y si los preparamos al horno no quedan tan crujientes y jugosos… ¡pues eso se ha acabado! Os traigo una receta de nuggets de pollo al horno o… ¡polos de pollo! súper crujientes por fuera, jugosos por dentro, sabrosos y además divertidos… ¡Ya veréis que a los peques les encantan!

Esta receta con pollo dejará contentos a todos en la familia y por supuesto no tenéis que hacerlos a la fuerza en forma de polo, podéis hacer albóndigas o cualquier otra forma que os apetezca. Además los acompañaremos con una salsa de yogur y pepino que es un manjar ¿Os gustaría ver esta receta de nuggets de pollo?

Como os decía poco importa la forma que le demos, estos nuggets de pollo ¡son siempre riquísimos! Con la forma de polo o piruleta son perfectos para una fiesta infantil, en cambio para una cena entre adultos podéis prepararlos en forma de albóndiga, yo en casa los hago así y desaparecen en pocos minutos. El secreto de la cubierta tan dorada y crujiente es que para rebozarlos utilizo copos de maíz. Pero vayamos a ello…

Nuggets de pollo al horno

Ingredientes

para 12 polos pequeños

1/2 kg de pechuga de pollo

1 rebanada de pan de molde

1/2 cebolla pequeña

1/2 cucharadita de curry en polvo (opcional)

1/4 cucharadita de nuez moscada

1/4 cucharadita de comino

sal a gusto

1 huevo batido

100 gr de copos (hojuelas) de maíz sin agregado de azúcar

para la salsa

150 gr de yogur griego o natural sin endulzar

1/2 pepino pequeño

sal, pimienta

1 cucharada de aceite

½ cucharada de zumo de limón

Cómo hacer nuggets de pollo

En el robot de cocina trituramos la pechuga, la cebolla y el pan cortados en trocitos. Colocamos la pasta en un bol y condimentamos con curry, nuez moscada, comino y sal. Con las manos mojadas, vamos cogiendo la carne y le vamos dando forma de polo, lo pasamos por el huevo batido y luego por los copos de maíz triturados con el robot de cocina.

Los vamos colocando en una fuente con papel de horno, dejando espacio para poner los palillos. Yo he usado unos palillos chatos que se venden para aperitivos, también podéis usar palitos de polo, lo importante es que los mojéis antes de pincharlos en la carne para que no se quemen en el horno. Llevamos al horno precalentado a 200° por 20 minutos, girándolos a mitad de la cocción si hace falta para que se doren de ambos lados.

Para la salsa, trituramos el pepino en el robot de cocina y lo dejamos colar en un colador por al menos 30 minutos. Luego lo mezclamos con el resto de los ingredientes y servimos.

Como veis no hemos usado nada de aceite en la cocción, pero os aseguro que este rebozado con copos de maíz es súper crujiente, el pollo no se seca y tiene un gusto delicioso. ¡Que aproveche!"
https://www.pequerecetas.com/receta/lenguado-menier-meuniere/,Lenguado Menier (a la Meunière),2015-02-10 08:56:45+01:00,"Hoy traemos una receta de las más conocidas de la gastronomía francesa: Lenguado a la Menier, Meniere o Meunière, un plato delicado y exquisito con el que triunfarás siempre… y no pienses que es muy complicado de hacer.

La salsa menier es muy sencilla y le da un sabor exquisito a este pescado. Se trata de freír el lenguado, ligeramente enharinado en mantequilla (una mantequilla a la que le suelo añadir un poco de aceite para que no se me queme muy rápido). Luego se añade algo más de mantequilla, perejil fresco picado y zumo de limón y con todo esto se riega el lenguado frito. Se suele acompañar el lenguado menier de patatas cocidas.

Mi pescadera me ha arreglado el pescado, me ha preparado unos filetes de lenguado perfectos y sin ninguna espina, así que este lenguado menier es un plato perfecto para grandes y pequeños. ¡Animaos a hacerlo!

Lo único malo del lenguado a la Meunière es el precio que tienen los lenguados frescos en la pescadería, aprovechad el día que estén más baratos o haced la misma elaboración con otros pescados blancos o con filetes de lenguado congelado. Probad y contadnos.

Receta de lenguado Menier

Ingredientes

2 lenguados grandes

100 g de mantequilla

1 cucharada de aceite de oliva virgen extra

Harina

Perejil fresco

1 limón

Sal

4 patatas

Cómo hacer lenguado en salsa Meunière

Preparamos el acompañamiento de patatas cocidas

Cocemos las patatas con piel en el microondas, pinchadas y en un recipiente apto para este horno, unos 8 minutos. Las pelamos y cortamos en rodajas y ponemos en el fondo de una fuente.

Freímos los filetes de lenguado

Enharinamos los filetes ligeramente y freímos en una sartén en la que hemos puesto unos 50 gramos de mantequilla y una cucharada de aceite de oliva virgen extra hasta que estén dorados. Sacamos y ponemos sobre las patatas.

Hacemos la salsa menier

Añadimos el resto de la mantequilla a la sartén, si estuviera muy sucia por harina podéis colarla. Añadimos también perejil picado y el zumo de limón, mezclamos bien y vertemos sobre los lenguados.

Servimos inmediatamente y a disfrutar de este Lenguado a la Meunière, un verdadero placer gastronómico.

Cómo degustar el lenguado Menier

Como os decíamos al principio el lenguado a la meunière se acompaña habitualmente de patatas cocidas, que, en forma de cama, también se riegan con la salsa menier.

Origen de la salsa Menier o Meunière

Este plato tiene un origen francés. La palabra «a la meunière» se traduce como «a la molinera», y se refiere a la técnica de freír el pescado en mantequilla y previamente rebozado en harina (de ahí lo de meunière).

Sin embargo la salsa menier o meunière parece que nació de una equivocación como muchas otras recetas. Un tal Meunière, que se dedicaba a cocinar para los altos mandos del ejército pensó en hacer un sencillo lenguado rebozado en harina y frito en mantequilla, y un ayudante inexperto al que le encargó vigilar la mantequilla mientras se derretía echó una buena cantidad de limón.

Al volver Meunière decidió aprovechar la salsa para el pescado, resultando en un éxito. La salsa meunière consiste en una mezcla de mantequilla, perejil picado y limón, y de esta forma tan sencilla ha llegado a nuestros días.

Si te gustan las recetas de pescado en salsa te recomendamos también el bacalao al pil-pil, el bonito con tomate, la merluza en salsa verde, el salmón a la naranja, o el bacalao con tomate, todas deliciosas."
https://www.pequerecetas.com/receta/pollo-asado-mermelada-cebolla/,Pollo asado con mermelada de cebolla,2015-02-10 08:37:29+01:00,"Hoy os traigo una receta de pollo asado con mermelada de cebolla, en esta ocasicón unos contramuslos de pollo deshuesados que quedan ¡buenísimos! Espero que os gusten y que los preparéis en casa porque son una comida o una cena rápida y fácil de preparar.

Mientras se cocina el pollo en el horno, preparamos la mermelada, por lo que en unos 30 minutos tendremos todo listo para servir, sin mucho esfuerzo. La mermelada de cebolla le da a este plato un toque muy especial, es el acompañamiento perfecto para estos contramuslos de pollo cocinados en el horno.

Además podéis tener preparada la comida con antelación, sólo tendréis que calentarla un poco antes… Seguro que este pollo asado con mermelada de cebolla triunfa en vuestra mesa, sean quienes sean los comensales.

Pollo asado con mermelada de cebolla

Ingredientes

8 contramuslos de pollo

Perejil

3 o 4 dientes de ajo

Unos granos de pimienta negra

Sal

Aceite de oliva virgen extra

Mermelada de cebolla:

4 cebollas

3 cucharadas de azúcar moreno

2 cucharadas de vinagre de Jérez

Aceite de oliva virgen extra

Sal

Cómo hacer pollo asado con mermelada de cebolla

Pedimos en la carnicería que nos limpien los contramuslos de pollo. En casa, los enrollamos un poco y los disponemos en una bandeja de horno. Les añadimos por encima un majado que hacemos en el mortero de ajo, perejil, pimienta y sal. Regamos con un poco de aceite de oliva virgen extra. Horneamos unos 25 minutos a 200º C.

Mientras el pollo está en el horno, vamos a preparar la mermelada de cebolla. Pelamos las cebollas y las cortamos en juliana fina. Las ponemos en una sartén con un poco de aceite de oliva virgen extra y una pizca de sal y las cocinamos a fuego mínimo, removiendo de vez en cuando. Cuando estén totalmente tiernas y transparentes, en el momento que comienzan a dorarse, incorporamos el azúcar moreno y el vinagre, dejamos unos cinco minutos más. Y ya sólo nos queda triturarla con la batidora para obtener la mermelada, aunque yo esta vez no la he triturado, la he dejado tal cual.

Servimos los contramuslos de pollo asados con la mermelada de cebolla."
https://www.pequerecetas.com/receta/pizza-pollo-pan-de-pita/,Pizza en pan de pita con pollo (receta fácil),2015-02-09 15:22:45+01:00,"Hoy vamos a preparar una sorprendente y rápida pizza en pan de pita con pollo que estoy convencida de que os va a gustar mucho… ¡En casa es todo un éxito!

Y es que una de las cosas que más nos gustan son las pizzas caseras, con su masa bien horneada y crujiente. Pero hay días que no tenemos mucho tiempo, por eso hoy os vamos a proponer una idea genial: utilizar como base de nuestra pizza de pollo un pan de pita, que ya os hemos enseñado en otra oportunidad a hacer en casa. Sino, por supuesto, lo compráis y listo.

Como ya tenemos la base lista, tan sólo nos queda poner encima un poco de tomate frito, unos dados de pollo y si os gustan, unas aceitunas negras y un poco de queso rallado, las horneamos un poco y ¡a comer!

Hoy para cenar, ¡pizza, pizza! pero que sea Pizza de pollo con pan de pita.

Receta de Pita Pizza de pollo

Ingredientes

6 panes de pita

1/2 pechuga de pollo

Tomate frito

Aceitunas negras

Orégano

Queso rallado

Cómo hacer una pizza de pollo con pan de pita

Si os animáis a hacer el pan de pita casero aquí os dejamos la receta:

Extendemos sobre cada pan de pita una capa de tomate frito

Encima repartimos la pechuga de pollo cortada en trocitos, unas aceitunas negras, un poco de orégano y queso rallado (en mi caso he puesto mozzarella).

Metemos en el horno precalentado a 180º C con calor circular unos 12 o 15 minutos. Veréis que el pollo quedará cocinado y muy jugoso.

Y ya sólo nos queda poner en la mesa estas ricas Pizzas de pollo con pan de pita, seguro que no queda ninguna.

Si te gustan las recetas de pizzas tienes que probar alguna de nuestras deliciosas opciones, empezando por la masa de pizza casera, para luego pasar a algunas de las pizzas más clásicas, como la pizza Margarita, la pizza 4 quesos, la pizza barbacoa, o alguna de estas saludables pizzas vegetales."
https://www.pequerecetas.com/receta/pollo-salsa-receta-casera/,Pollo en salsa de almendras (receta casera fácil),2015-02-09 08:57:55+01:00,"Hoy os traemos un exquisito pollo en salsa de almendras, una receta buenísima que gusta a toda la familia. Eso sí, os aviso que no se os puede olvidar poner pan en la mesa porque está para no parar de hacer ‘barquitos’.

Hoy para cocinar este pollo con salsa de almendras, hemos utilizado un pollo entero que nos lo han troceado en la tienda, pero podéis utilizar la misma receta con trozos de pechuga o muslos deshuesados, como más os guste. Y vamos a cocinar esta receta de pollo con una salsa a base de verduras, almendras y un toque de romero que os va a gustar muchísimo.

Además lo bueno de este pollo en salsa es que es ideal para todos los días y que podemos dejarlo preparado el día anterior, tan sólo tendremos que calentarlo.

Receta de pollo en salsa de almendras

Ingredientes

1 Pollo troceado

4 dientes de ajo

1 cebolla

1 pimiento verde

1 pimiento rojo

4 o 5 zanahorias

1 trozo de pan

1 puñado de almendras

1 vaso de vino blanco

1 vaso de agua

Unas hojas de romero

Sal

Pimienta negra molida

Aceite de oliva virgen extra

Cómo hacer pollo en salsa de almendras

Freímos las almendras

Ponemos en la cazuela o sartén aceite de oliva virgen extra y freímos el pan y las almendras. Reservamos.

Freímos el pollo

En el mismo aceite freímos el pollo salpimentado, a fuego fuerte, hasta que esté dorado, sacamos y reservamos.

Hacemos la salsa de almendras

Añadimos los ajos pelados y troceados, la cebolla picada, la zanahoria y los pimientos cortados en trozos. Dejamos que se cocinen a fuego medio.

Cuando la verdura comience a dorarse, añadimos de nuevo a la cazuela el pollo, el romero, el pan y las almendras.

Mezclamos todo e incorporamos el vino y el agua. Dejamos cocinar, tapado y a fuego suave unos 25 o 30 minutos.

Destapamos, sacamos el pollo y trituramos todo con la batidora, volvemos a meter el pollo, cocinamos unos cinco minutos y listo para servir.

Cómo servir el pollo en salsa de almendras

Podéis hacer este pollo en salsa en la víspera, incluso está mejor. Para servirlo podéis acompañarlo de patatas fritas o un poco de arroz blanco.

Lo que sí os aconsejamos es que lo acompañéis con pan para mojar en la salsa de almendras que está deliciosa.

Otras recetas de pollo en salsa que te pueden gustar:"
https://www.pequerecetas.com/receta/croquetas-de-queso/,"Croquetas de queso, ¡qué ricas!",2015-02-09 08:36:55+01:00,"¿A que niño no le gustan las croquetas? Creo que todos, o casi todos se vuelven locos por ellas… Lo mismo ocurre con los mayores, las croquetas son un plato al que muy difícilmente nos podremos resistir y si encima tienen el delicioso sabor del queso, qué os vamos a contar…

Y es que donde esté un buen plato de croquetas que se quite todo. A mí, me gustan las croquetas casi de todo, pero estas croquetas de queso Havarti son irresistibles ¡de verdad! En esta ocasión hemos utilizado queso Havarti, pero podéis probar con cualquier otro queso porque con todos estarán deliciosas. Qué buenas, no sólo puedes comer dos o tres, ¡te comerías el plato!

Pero como hay que resistir un poquito porque hay más comensales para comer, está genial acompañar las croquetas de queso con una ensalada, en esta ocasión de tomate. Unas rodajas de tomate, un buen aceite de oliva, sal y croquetas de queso, ¡un manjar!

Espero que os gusten y las hagáis pronto, contadnos vuestras opiniones…

Croquetas de queso

Ingredientes:

3 lonchas de queso Havarti

100g aceite de oliva virgen extra

70g harina

1 cebolla pequeñita

280g leche

Sal

Nuez moscada

Pimienta

Huevos

Pan rallado

Cómo preparar croquetas de queso:

Picamos la cebolla en trocitos pequeños y pochamos en aceite (unos 5 minutos).

Incorporamos la harina y sin dejar de remover con una cuchara, cocinamos bien para que luego las croquetas no tengan sabor a harina.

Añadimos la leche calentita poco a poco sin dejar de remover con unas varillas, hasta que espese la masa. Incorporamos un poquito de nuez moscada y sal.

Por último, añadimos el queso en trocitos. Mezclamos bien.

Retiramos la masa de las croquetas de la sartén y dejamos reposar hasta que temple un poco y no nos quememos al formar las croquetas.

Una vez que no queme la masa, hacemos bolitas y rebozamos en huevo batido y pan rallado.

Freímos en abundante aceite caliente y dejamos reposar sobre papel de cocina para retirar el exceso de aceite.

Servimos bien calientes, acompañadas de una buena ensalada. Os aseguramos que estas croquetas de queso van a volar del plato…"
https://www.pequerecetas.com/receta/enchiladas-pollo-mole/,Enchiladas de pollo con mole poblano (receta mexicana tradicional),2015-02-07 09:05:06+01:00,"Hoy nos vamos hasta México para preparar unas riquísimas enchiladas de pollo con mole poblano.

El mole es una salsa elaborada con multitud de ingredientes, incluso hay varios tipos de mole: el mole poblano, mole negro, mole michoacano, mole rojo o mole verde, entre otros… Pero no os preocupéis porque venden el mole poblano ya elaborado por lo que esta receta no va a ser nada complicada.

Para preparar estas enchiladas de pollo con mole, también denominadas enmoladas necesitamos: pollo asado o pollo cocido que deshilacharemos, unas tortillas de maíz para rellenar, el mole poblano y un poco de queso fresco rallado y unas semillas de sésamo o ajonjolí para colocar por encima, ¡deliciosas!

Animaos a preparar esta receta mexicana fácil y riquísima: enchiladas de pollo con mole, ideales para una cena rápida para toda la familia el fin de semana.

Enchiladas de Pollo con mole poblano

Ingredientes

1 pechuga de pollo

1 zanahoria

1 puerro

mole poblano (puedes comprarlo aquí)

tortillas de maíz (puedes comprarlo aquí)

aceite de oliva virgen extra

semillas de ajonjolí o sésamo (puedes comprarlo aquí)

queso fresco

Cómo hacer enchiladas de pollo con mole poblano

Cocinamos el pollo

Lo primero que vamos a hacer es cocer el pollo. Para ello ponemos la pechuga de pollo, podéis utilizar la parte del pollo que más os guste, en agua con zanahoria, puerro, una pizca de sal y unos granos de pimienta.

podéis utilizar la parte del pollo que más os guste, en agua con zanahoria, puerro, una pizca de sal y unos granos de pimienta. Cuando el pollo esté cocido, sacamos del caldo, que reservamos y, en cuanto el pollo se enfríe un poco, lo deshilachamos.

Si tenéis restos de pollo asado, podéis utilizarlos para esta receta.

Preparamos la salsa de mole

Una vez que tenemos listo el pollo, vamos a preparar el mole.

Nos encontramos dos tipos en el mercado: uno ya listo para utilizar y otro, que es una pasta que tenemos que diluir en el caldo de cocer el pollo que habíamos reservado. Esta vez he utilizado el segundo así que, siguiendo las instrucciones del fabricante, he puesto el caldo a hervir con un par de cucharadas de mole y lo he cocinado unos minutos.

Cómo montar las enchiladas de pollo con mole poblano

Ya sólo nos queda calentar las tortillas de maíz en una sartén con unas gotas de aceite, ponemos encima pollo y un poco de mole, enrollamos y disponemos en el plato o fuente.

Aunque se preparan con tortillas de maíz si no tenéis también podéis utilizar tortillas de trigo .

. Bañamos con la salsa de mole poblano y espolvoreamos la superficie con ajonjolí y un poco de queso fresco rallado.

También podéis ponerle por encima unos aros de cebolla morada, macerada unos minutos en vinagre, o unas rodajas de aguacate.

Esta receta le va a encantar a los niños un poco más mayores, a los adolescentes y jóvenes. Seguro que si les preparáis estas enchiladas de pollo con mole a vuestros hijos y sus amigos os hacen la ola.

Algunos enlaces aquí publicados son de afiliados. No obstante los artículos recomendados responden a una decisión de criterio del equipo de Pequerecetas, no existiendo ningún incentivo por parte de las marcas."
https://www.pequerecetas.com/general/arte-pintar-galletas-libro-kukis/,"«El arte de pintar galletas», ¡el nuevo libro de Kukis!",2015-02-06 12:39:29+01:00,"¿Habéis visto ya el nuevo libro de Kukis? «El arte de pintar galletas» es una maravilla, os lo aseguro… Hecho con mucho cariño y empeño, este libro de cocina os será de mucha ayuda si queréis sentiros verdaderos reposteros.

Allí encontraréis un sinfín de trucos, secretos y tutoriales paso a paso de las galleteras de Kukis Fiesta… ¡No os perdáis este post! Compartimos con vosotros algunas de las imágenes del libro para que os hagáis una idea de lo que os espera en «El arte de pintar galletas»!

Si siempre soñasteis con hacer repostería de alto vuelo o simplemente queréis aprender a pintar galletas para sorprender a todos en la próxima fiesta infantil, no os podéis perder este libro.

En «El arte de pintar galletas» aprenderéis todos los secretos para hacer la mejor masa de galletas, preparar glaseados de todos los colores imaginables y hacer ¡las formas más sorprendentes de galletas! Como leéis, aprenderéis a diseñar galletas para que crear galletas temáticas para cada ocasión no sea un sueño.

¿Lo mejor? Este libro incluye plantillas en el interior para hacer todas las galletas del libro.

Mirad lo que son las imágenes… En el libro encontraréis muchísimas fotos como estas con explicaciones detalladas del paso a paso.

¿Qué os parece el nuevo libro de Kukis: «El arte de pintar galletas»? ¡A nosotros nos ha encantado!"
https://www.pequerecetas.com/receta/rollitos-pollo-jamon-serrano-gratinados/,Rollitos de pollo y jamón serrano gratinados,2015-02-06 11:15:32+01:00,"¿Os apetecen unos rollitos de pollo y jamón serrano gratinados? Seguro que cuando terminéis de leer esta receta contestáis que sí. Son facilísimos de preparar y se cocinan en el horno por lo que mientras, podéis estar haciendo cualquier otra cosa, sin tener que estar pendiente.

Tan sólo tenemos que extender los filetes de pechuga, poner unas lonchas jamón de serrano y enrollar, deben ser muy finos, los cubriremos con salsa bechamel y vuestro queso favorito por encima, una forma estupenda de que los peques tomen pollo, ya que así queda muy jugoso y sabroso.

Estos Rollitos de pollo y jamón serrano gratinados, son ideales para toda la familia, a los peques de la casa les van a gustar muchísimo, así que ¡a la cocina!

Rollitos de pollo y jamón serrano gratinados.

Ingredientes

8 Filetes de pechuga de pollo muy finos

8 Lonchas de jamón serrano

400 ml de Salsa bechamel

Pimienta negra

Queso rallado

Cómo hacer rollitos de pollo y jamón serrano gratinados

Extendemos los filetes de pollo que deben ser muy finos. Si no lo son, podéis espalmarlos con un rodillo y podéis unir un trozo con otro. Sobre el filete de pollo ponemos una loncha de jamón serrano y enrollamos. Una vez que hemos elaborado todos los rollos los ponemos en una fuente de horno, ponemos un poco de pimienta negra recién molida por encima y cubrimos con la salsa bechamel. Espolvoreamos con queso rallado, el que más os guste, y metemos en el horno precalentado a 180º C, unos 25 o 30 minutos.

Ya sólo nos queda servir estos Rollitos de pollo con jamón serrano gratinados… ¡buenísmos!"
https://www.pequerecetas.com/receta/ternera-a-la-jardinera/,"Ternera a la jardinera, ¡una receta irresistible!",2015-02-06 08:26:49+01:00,"La ternera a la jardinera es un guiso muy tradicional, un plato elaborado a fuego lento, al “chup-chup” de la cazuela, aunque podemos hacerlo con olla a presión o incluso con Thermomix, porque por mucho que queramos, el tiempo manda la mayoría de las veces… Vosotros elegid la forma de cocinarla.

La ternera a la jardinera es un estofado de carne de ternera cocinado junto con cebolla, tomate, zanahoria y guisantes al que le incorporamos al final unos dados de patatas fritas, perfecto para toda la familia.

Podéis tener el guiso hecho el día anterior y en el momento en el que lo vayáis a comer, freír las patatas. Y si lo vais a congelar, yo el día que hago ternera a la jardinera, aparto una cantidad antes de añadir las patatas y así lo congelo sin problema. Y bien triturado es un puré para bebés perfecto.

En fin, que este guiso de ternera, lo tiene todo… Así que vamos a explicaros cómo preparar Ternera la jardinera.

Ternera a la jardinera

Ingredientes

700 gr de ternera

1 cebolla

3 dientes de ajo

4 zanahorias

1 taza de guisantes

400 gr de tomate natural triturado

1 vasito de vino blanco

1 vaso de agua

Sal

Pimienta negra

2 o 3 patatas

Aceite de oliva virgen extra

Cómo hacer ternera a la jardinera

Pedimos en nuestra carnicería que nos den una ternera que sea suave y blandita, a mí me dieron una estupenda y ya me la cortaron en trozos pequeños. Ya en casa, la salpimentamos y la doramos en una cazuela con un poco de aceite de oliva virgen extra. La sacamos y reservamos. En la misma cazuela añadimos la cebolla y los ajos, pelados y picados, junto con la zanahoria pelada y cortada en rodajas, salteamos todo unos minutos e incorporamos los guisantes y el tomate. Dejamos cocinar un par de minutos y volvemos a poner la carne, el vino blanco y el agua y si queréis, podéis añadir alguna especia o hierba que os guste, yo he puesto un poco de romero.

En este momento os dejo dos opciones: podéis cocinar en olla exprés (con 20 minutos será suficiente) o en olla normal, para lo que necesitaréis unos 40 o 50 minutos, a fuego medio y tapado. Cuando ya esté la carne cocinada, añadimos unas patatas fritas, que hemos cortado en cuadraditos, mezclamos bien y servimos. En casa hay a quien no le gusta que se mezclen las patatas, así que las sirvo encima y así unos las mezclan y otros no… ¡para gustos colores!

Espero que os haya gustado esta receta de ternera a la jardinera y que os animéis a hacerla en casa."
https://www.pequerecetas.com/receta/risotto-setas-pollo/,Risotto de setas y pollo,2015-02-06 00:01:39+01:00,"Hoy nos vamos hasta Italia para cocinar un delicioso Risotto de pollo y setas, en concreto, al norte de Italia, donde hay más cultivos de arroz y es muy tradicional este plato.

Para elaborar un buen risotto es muy importante el tipo de arroz: debe ser un arroz de grano redondo. Las mejores variedades son el arroz arborio o carnaroli, aunque con nuestro arroz bomba vale. Debe ser este tipo de arroz porque son los arroces que mejor absorben los líquidos y liberan mejor el almidón, otorgando la cremosidad propia de este plato. Además, es muy importante la forma de cocinarlo, hoy os vamos a enseñar cómo hacerlo paso a paso.

En este risotto el ingrediente principal que acompaña al risotto es el pollo, al que hemos acompañado de setas variadas, pero que también podéis hacer con champiñones. En cambio si lo que buscáis es un clásico risotto de setas o boletus, os recomendamos esta receta.

El risotto es un «plato de Domingo» o un día que sepáis que todos van a estar en la mesa cuando los llames ya que este risotto de pollo hay que disfrutarlo al momento porque si esperamos, se pasa. Invitad este domingo a vuestra suegra o a vuestra cuñada, porque las vais a dejar boquiabiertas.

Receta de risotto de pollo con setas

Ingredientes

1 pechuga de pollo

1 cebolla

400 gr de setas variadas

2 tazas de arroz

1 copa de vino blanco

Caldo de pollo o de verduras

Aceite de oliva virgen extra

Sal

Pimienta negra

1 trozo de mantequilla

Queso parmesano

Cómo hacer risotto de pollo

Lo primero es preparar un caldo de pollo o un caldo de verduras que será la base de nuestro risotto. Y si no, compráis uno de buena calidad. Lo ponemos al fuego y lo mantenemos caliente, a fuego mínimo. Pelamos y picamos la cebolla, la ponemos en la cazuela con un poco de aceite de oliva virgen extra y pochamos a fuego suave. Cuando comience a dorarse, añadimos las setas variadas o la que os guste y dejamos que se cocinen. Si son congeladas, tenemos que esperar hasta que todo el líquido se haya evaporado. Añadimos la pechuga de pollo troceada y salpimentada y cocinamos. Es el momento de añadir el arroz, debemos removerlo un par de minutos hasta que los granos comiencen a estar transparentes.

Incorporamos el vino blanco, mezclamos y ahora viene lo más importante, vamos añadiendo cacitos de nuestro caldo de pollo, que lo tenemos al fuego mínimo, cada vez que el arroz esté seco. Hay que ir haciéndolo en muchas veces, durante unos 18 minutos. Y todo el rato estaremos removiendo el arroz con una cuchara de madera. Id probando hasta que el arroz esté en su punto. Cuando el arroz esté, añadís una cucharada de mantequilla y dos o tres cucharadas de queso parmesano rallado.

Servimos y ponemos unas lascas de queso parmesano por encima. ¡Un lujo este risotto de pollo con deliciosas setas!"
https://www.pequerecetas.com/receta/tostas-de-pollo-faciles/,Tostas de pollo con salsa de mayonesa y mostaza,2015-02-05 09:01:21+01:00,"Estas tostas de pollo con salsa de mayonesa y mostaza es una idea que vais a repetir una y otra vez, ya que es una cena estupenda para toda la familia, muy fácil de preparar y con un resultado espectacular. ¡Cómo me gustan estas recetas!

Vamos a elaborar estas tostas de Pollo con unas rebanadas de pan chapata, un sabroso y jugoso pollo con un aliño de mostaza, miel y mayonesa con el que os vais a chupar los dedos (cuando lo probéis se lo echaréis a todo), para darle un toque verde y fresco unos canónigos y remataremos con el crujiente de la cebolla… ¿A qué se os hace la boca agua?

Vamos con la receta de estas Tostas de Pollo… ¡buenísimas!

Receta de tostas de pollo con mayonesa y mostaza

Ingredientes

1 barra de pan tipo chapata

1 pechuga de pollo cortada en filetes

Sal

Pimienta negra

Para la salsa de mayonesa y mostaza

3 cucharadas de mayonesa

2 cucharadas de mostaza de Dijon

1 cucharada de miel

Para decorar

Cebolla crujiente

Canónigos

Cómo hacer tostas de pollo con salsa de mayonesa y mostaza

En un cuenco ponemos la mayonesa, la mostaza y la miel y mezclamos muy bien.

Cortamos, en diagonal, el pan en rebanadas y le untamos un poco de la mezcla.

Encima ponemos los filetes de pollo, que cocinamos a la plancha con un poco de sal y pimienta

Añadimos nuestra salsa, y ponemos unos canónigos y la cebolla crujiente por encima.

¿Qué vais a cenar hoy? Seguro que estas riquísimas tostas de Pollo. ¡Las van a devorar!



¿Qué te ha parecido esta receta con pollo? Prueba también la Bruschetta italiana, los crostini, que son pequeños bocaditos de pan de diferentes rellenos, la tosta de aguacate y chipirones, la tosta de salmorejo y caballa, o la tostada de champiñones."
https://www.pequerecetas.com/receta/sopa-picadillo-pollo-receta/,"Sopa de picadillo de pollo, receta para entrar en calor",2015-02-05 08:38:03+01:00,"Sí, sí… ya sé que todas las sopas son reconfortantes, pero es que la sopa de picadillo de pollo para mí es lo mejor que hay, y si está hecha en casa con mimo, ni os cuento lo buena que es, sobre todo en esta época de resfriados y gripes, cuando apetece tomar algo que te reconforte cuerpo y alma…

Esta sopa de picadillo de pollo es perfecta como primer plato de cualquier comida, aunque en casa también nos gusta tomarla para cenar, bien calentita. Qué buen cuerpo te hace y además es ideal para los más peques de la casa, ya que es muy nutritiva y completa.

¿Comemos hoy toda la familia sopa de picadillo de pollo? Os explicamos paso a paso como hacerla…

Sopa de picadillo de pollo

Ingredientes

1/2 Pollo

2 zanahorias

1 puerro

1 hueso salado

Agua

2 huevos

Jamón serrano

Fideos cabello de ángel

Unas hojas de hierbabuena

Cómo hacer sopa de picadillo

Yo la he preparado en una olla rápida, pero si no tenéis, podéis hacer el caldo en una olla normal, sólo que deberéis cocinar a fuego medio al menos una hora. Ponemos en la olla, la zanahoria pelada, el puerro pelado y partido en dos, el hueso y el pollo. Yo he puesto medio, pero podéis hacerlo sólo con unos muslos o lo que tengáis en el momento. Cubrimos con agua y cocinamos 20 minutos.

Sacamos el pollo, deshuesamos y picamos. Cocemos los huevos, pelamos y picamos. Picamos la hierbabuena y el jamón.

Una vez que ya tenemos todo listo, ponemos una cacerola el caldo colado junto con el pollo, el jamón, el huevo, la hierbabuena y los fideos, pondremos un puñado de fideos por persona y uno más para todos. Cocinamos unos 2 minutos, o el tiempo que nos indique la marca de fideos y servimos inmediatamente, bien caliente.

Yo siempre hago mucho caldo, luego lo congelo, y de esta forma siempre tengo caldo de pollo, para preparar una deliciosa sopa cualquier noche."
https://www.pequerecetas.com/receta/patatas-huevo-bacalao/,Patatas con bacalao y huevo,2015-02-05 08:08:05+01:00,"Hoy os traigo una rica receta de patatas con bacalao y huevo, una receta absolutamente deliciosa.

El pescado en la alimentacion de los niños es muy importante; de hecho, el bacalao tiene muchas propiedades beneficiosas: es rico en Omega 3 y vitaminas del grupo B, entre otras muchas cualidades. ¿Quieres conocer más? Te recomiendo este artículo sobre el bacalao que escribimos no hace mucho tiempo.

Para esta receta de patatas con bacalao y huevo yo he utilizado migas de bacalao porque al no llevar espinas, es muy cómodo y no voy con el miedo de que quede alguna espina en el pescado (os lo recomiendo).

Lo aconsejable es comer pescado de 2 a 3 veces por semana , así que vamos a ampliar nuestro recetario con esta rica receta de patatas con huevo y bacalao.

Espero que os guste.

Patatas con bacalao y huevo

Ingredientes

4 patatas

2 huevos

250g migas de bacalao

Aceite de oliva

Perejil

Cómo preparar patatas con bacalao y huevo:

Hervimos el bacalao 3 minutos, retiramos del fuego y dejamos escurrir sobre papel de cocina.

Pelamos las patatas y las cortamos en rodajas de tamaño medio. Freímos las patatas en aceite de oliva virgen extra y sazonamos con un poquito de sal.

Dejamos escurrir las patatas sobre papel de cocina, para que éste absorba el exceso de grasa.

Ponemos el bacalao en un cuenco, añadimos una cucharadita de aceite de oliva con el que hemos frito las patatas (para que esté jugosito) y mezclamos con un tenedor.

En una fuente de horno, incorporamos las patatas haciendo una cama, encima el bacalao y por último los huevos (en crudo). Ponemos unas gotitas de aceite sobre los huevos y listo. Los huevos se cocinarán en el horno.

Llevamos al horno a 180º calor arriba y abajo, hasta que los huevos se hagan a vuestro gusto.

Servimos bien caliente, decorando con un poquito de perejil.

Si os gustó esta receta, os encantará el bacalao a la portuguesa.

Otra receta con bacalao ideal para los niños> tortillitas de bacalao"
https://www.pequerecetas.com/receta/pollo-parmesana-receta-pollo-italiana/,"Pollo a la parmesana, una receta de pollo a la italiana",2015-02-04 09:03:24+01:00,"Qué os parece si comemos hoy pollo con costra de parmesano a la italiana… ¿A qué suena bien? Pues os aseguro que mejor sabe aún: crujiente y dorado por fuera y por dentro muy jugoso y sabroso.

Podéis preparar este pollo a la parmesana, tanto con pechuga como con muslos, lo que más os guste en casa, con ambos queda fabuloso, una forma estupenda de que los peques de la casa coman pollo.

Vamos a mezclar el pollo con una mezcla de mayonesa, tomate, parmesano y algunas hierbas, y luego lo cubriremos con pan rallado, parmesano y orégano, que al hornearse formarán una costra crujiente que hará que disfrutemos de un delicioso Pollo con costra de parmesano a la italiana. ¡Está riquísimo y veréis qué jugoso queda de esta forma!

Pollo con parmesano a la italiana

Ingredientes

2 pechugas de pollo o 6 muslos deshuesados de pollo

4 cucharadas de Queso parmesano rallado

1 cucharadas de hierbas provenzales

Unas hojas de albahaca picadas

50 g de tomate frito

150 g de mayonesa

1 pizca de sal

1 cucharada de pan rallado

2 cucharadas de queso parmesano rallado

1 cucharadita de orégano

Cómo preparar el pollo con costra de parmesano a la italiana

Mezclamos en un cuenco la mayonesa, el tomate frito, las hierbas provenzales (albahaca, orégano, romero, tomillo, ajedrea y mejorana), la albahaca y el queso parmesano rallado. Mezclamos.

Cortamos las pechugas en filetes o los muslos de pollo y los ponemos en una fuente apta para el horno, añadimos la mezcla anterior. Espolvoreamos toda la superficie con el orégano, el pan rallado y el queso parmesano. Horneamos unos 25 minutos a 200º C.

Y ya tenemos nuestro pollo con costra de parmesano a la italiana listo para disfrutar."
https://www.pequerecetas.com/receta/croissants-rellenos-pollo/,"Croissants rellenos de pollo, perfectos para una fiesta infantil",2015-02-03 09:49:42+01:00,"Estos croissants rellenos salados son una idea que os va a gustar muchísimo. Os aseguro que serán un éxito en cualquier cumpleaños o celebración, aunque también son estupendos para una merienda fácil o para cenar cualquier día.

Además es una receta de aprovechamiento, ya que podemos aprovechar restos de pollo asado que tengáis ya cocinados, o si no tenéis, simplemente hacer a la plancha una pechuga de pollo o cocerla, lo que más os guste.

Estos croissants rellenos de pollo, al estar el pollo picado, son estupendos para que se los tomen los peques de la casa. Veréis qué rápido se acaban.

Croissants salados rellenos de pollo

Ingredientes

12 croissants pequeños

1 pechuga de pollo cocinada (a la plancha o asada)

150-200 g de queso crema para untar

2 o 3 cucharadas de Ketchup

Lechuga

Cómo hacer croissants rellenos de pollo

Picamos la pechuga de pollo muy fina, con una picadora.

Mezclamos con el queso crema y el kétchup.

Abrimos los croissants por la mitad, ponemos una o dos hojas de lechuga, encima el relleno de pollo, tapamos con la otra parte del croissant y listos.

Podéis tener preparado el relleno con antelación y luego sólo tendréis que rellenar los croissants.

Animaos a prepararlos porque estos Croissants o Cruasanes rellenos de pollo van a ser los reyes de la fiesta.

Si te animas puedes preparar los croissant caseros, tiene algo de complicación, pero el resultado merece mucho la pena."
https://www.pequerecetas.com/receta/pollo-empanado-receta-clasica/,"Pollo empanado, una receta clásica que nunca falla",2015-02-03 08:38:45+01:00,"Ha llegado el calor y estos días apetece escaparse a la playa, al campo o a la piscina, ¿qué os parece si nos llevamos la comida? Una cosa está clara, no puede faltar la tortilla de patatas y el pollo empanado, todo un clásico de nuestra gastronomía.

Preparo exactamente el pollo empanado igual que lo preparaba mi madre. A mi hermano y a mí nos gustaba muchísimo y ahora a mis niños les encanta y es que está tan rico y no sólo para los niños porque cuando lo llevo a algún sitio, los mayores no pueden resistirse.

El pollo empanado así queda con un interior muy jugoso y sabroso, y es porque dejo macerando el pollo un par de horas con el aliño y el huevo, el exterior dorado y crujiente… ¡Qué hambre me da sólo de ver las fotos!

Pollo empanado

Ingredientes

1 pechuga de pollo

3 dientes de ajo

Unas ramas de perejil

Sal

Pimienta negra

100 ml de leche

2 o 3 huevos

Pan rallado

Aceite de oliva virgen extra

Cómo hacer pollo empanado

Ponemos en el mortero los dientes de ajo, la sal, el perejil y unos granos de pimienta negra y lo machacamos bien. En un cuenco o recipiente batimos los huevos, añadimos la leche y el majado. Cortamos el pollo en tiras o en trozos, como más os guste, y lo ponemos en la mezcla anterior. El pollo debe quedar totalmente cubierto. Tapamos y metemos en el frigorífico, al menos un par de horas. Pasado este tiempo, vamos sacando los trozos, rebozamos en el pan rallado y freímos en abundante aceite bien caliente hasta que estén dorados. Los sacamos y dejamos sobre papel de cocina absorbente.

Servimos en el momento o cuando vayamos a tomarlo, el pollo empanado ¡está bueno tanto caliente como frío!"
https://www.pequerecetas.com/receta/filete-de-atun-en-salsa-con-salteado-de-mango-y-manzana/,Atún en salsa de mango y manzana (receta FÁCIL y sana),2015-02-03 08:25:29+01:00,"Este atún en salsa es una receta que os va a conquistar y que seguro que repetís más de una vez, porque es rápida, ligera, sana y está deliciosa. Vamos a preparar los filetes de atún con salsa de mango y manzana ¡riquísimos!

En apenas diez minutos tendréis un plato de lujo con el que conquistar al paladar más exigente. Además el atún es fuente natural de vitaminas, minerales y Omega3 de cadena larga, EPA y DHA, nutrientes presentes de forma natural en el pescado azul.

¿Os apetece leer cómo preparar esta receta con atún?

Receta de atún en salsa de mango

Ingredientes

4 filetes de atún

4 cucharadas de aceite de oliva

4 cucharadas de zumo de limón

1 diente de ajo picado

1/2 cucharadita de sal

1/4 cucharadita de pimienta

2 cucharadas de cilantro fresco picado

2 manzanas

2 mangos

1 cucharada de mantequilla

1 pizca de sal

1 cucharadita de pimienta rosa

Rúcula

Cómo hacer filete de atún en salsa de mango y manzana

Marinamos los filetes de atún

En un bol grande batimos el aceite, el zumo de limón, el ajo, el cilantro, la sal y la pimienta. Introducimos los filetes de atún y cubrimos por ambos lados.

Dejamos marinar unos 10-15 minutos.

Salsa de mango y manzana para el atún

Pelamos las manzanas y los mangos, y cortamos en daditos.

En una sartén ponemos la mantequilla y salteamos la manzana y el mango con la pimienta rosa hasta que se doren.

Reservamos

Hacemos el atún a la plancha

Quitamos los filetes de atún del adobo, calentamos una parrilla o plancha a fuego medio-alto y hacemos los filetes durante 1-2 minutos por cada lado (tienen que quedar poco hechos en el centro).

Cómo servir los filetes de atún en salsa

Ponemos en un plato el salteado de mango y manzana, reservando la salsa que han soltado con la mantequilla. Colocamos el atún sobre el mango y la manzana, y salseamos por encima con el jugo resultante del salteado de mantequilla con mango y manzana.

Este filete de atún con salsa de mango y manzana está ¡exquisito!

Atún encebollado, otra receta de atún en salsa que te encantará

Otra receta de atún en salsa que no puedes dejar de probar es el atún encebollado, te aseguro que está delicioso. Sigue nuestra receta paso a paso:

Si te gusta el mango en las recetas te recomendamos probar el mango lassi que es una receta india de batido de mango deliciosa. Prueba también la ensalada de mango y aguacate, que acompaña a quinoa y atún. Y no dejes de probar el tataki de atún o el tartar de atún dos recetas clásicas imprescindibles."
https://www.pequerecetas.com/receta/6-postres-faciles-fruta-ninos/,6 postres fáciles con fruta para niños,2015-02-03 08:04:34+01:00,"¡Que levante la mano a quién no le gustan los postres! Si a los grandes nos vuelven locos, a los niños ¡mucho más! Si además estos postres incorporan fruta, sin exagerar con el azúcar, ¡mucho mejor! Estos 6 postres fáciles con fruta para niños que os traemos hoy no renuncian a la dulzura pero la fruta fresca es el ingrediente principal.

Si vuestros peques se aburren de comer fruta (sobre todo en invierno donde la variedad se reduce), o no les gusta demasiado, podéis probar estas variantes divertidas y golosas ¡seguro que los cautivarán! ¿Os gustaría ver estos postres fáciles con fruta?

En la imagen principal hemos visto una variante divertida a la tarta de frutas: en vez de prepararla en un molde grande, podemos usar moldes de magdalenas y preparar ‟tacitas” de fruta que a los niños seguro les encantarán. (Fuente: At The Pink of Perfection)

Postres fáciles con fruta, serpiente de fresas

¡Imaginaos la cara de los peques cuando se encuentren con una serpiente en el plato! No es más que una galleta rellena con fresas y nata, o si queréis reducir las grasas, queso crema con un poquito de azúcar glas. Podéis usar cualquier receta de galletas, por ejemplo estas galletas clásicas, y en vez de cortarlas como hacemos siempre con cortadores, hacemos salchichitas algo planas y las colocamos en la fuente con papel de horno curvándolas para dar forma a la serpiente.

Para que os queden todas con la misma curvatura (de lo contrario no podréis usarlas como ‟sándwich”), os conviene ir poniendo por debajo del papel de horno una hoja con el dibujo de la curva y disponer la salchichita de masa siguiendo el dibujo. Horneáis siguiendo la receta y cuando estén frías, rellenáis con las fresas (u otra fruta) y la nata. La cabeza es una fresa entera con dos mini Lacasitos verdes para los ojos.

Postres fáciles con fruta, bombones helados de plátano y yogur

Estos ‟bombones” son facilísimos y además de servir como postre, son una buena idea para el picoteo. Simplemente cortamos el plátano en trozos y lo pasamos por yogur griego (es mejor que sea griego porque es más denso), procurando que el plátano se cubra bien con el yogur. Colocamos los trozos sobre una fuente con papel de horno y los llevamos al congelador. Después de unas 2 horas estarán listos para comer o para guardarlos en una bolsa para congelar.

Postres fáciles con fruta, manzana con caramelo

Si queréis que los niños se sientan más atraídos por la fruta, podéis simplemente cortarla en rebanadas y presentarla en la mesa bañada con un poco de caramelo o sirope de chocolate y espolvoreada con nueces picadas. ¡Irresistible!

Postres fáciles con fruta, macedonia divertida

Entre las muchas ideas de macedonia de fruta divertida que hemos encontrado en Pequeocio, me ha llamado la atención esta bonita presentación usando vasitos de helado ¿No os parece genial para una fiesta?

Postres fáciles con fruta, plátanos bañados en chocolate

Los plátanos y el chocolate se llevan de mil maravillas y si además tienen forma de piruleta, ¡el éxito está asegurado! Es suficiente cortar a la mitad los plátanos, pincharlos en un palito de helado y bañarlos con chocolate de cobertura. Antes de que se seque podemos espolvorearlos con fideos de azúcar, frutos secos triturados, coco, etc.

¿Qué os parecen estos postres fáciles con fruta?"
